0, 6.84784749267
1, 6.84784749267
2, 6.84784749267
3, 6.84784749267
4, 6.84784749267
5, 0.0
6, 0.0
7, 0.0
8, 0.0
9, 0.0
10, 0.0
11, 0.0
12, 0.0
13, 0.0100406453759
14, 0.0100419954094
15, 0.0200840760105
16, 0.251021790107
17, 0.261096527088
18, 0.261130802109
19, 0.261167292113
20, 0.261204211572
21, 0.261167437066
22, 0.261131000465
23, 0.25108765089
24, 0.251089383332
25, 0.241047261725
26, 0.0100436385277
27, 0.0
28, 0.0
29, 0.0
30, 0.0
31, 0.0
32, 0.0
33, 0.0
34, 0.0
35, 0.0
36, 0.0
37, 0.0
38, 0.0
39, 0.0
40, 0.0
41, 0.0
42, 0.0
43, 0.0
44, 0.0100406453759
45, 0.060245222289
46, 0.110456634561
47, 0.110472081272
48, 0.11048846509
49, 0.120543134985
50, 0.120542964601
51, 0.140610136107
52, 0.281176237343
53, 0.37156620996
54, 0.381638202052
55, 0.331458917844
56, 0.281276622365
57, 0.28126866362
58, 0.311358288903
59, 0.301303003277
60, 0.321387335816
61, 0.411756075364
62, 0.271168378678
63, 0.291236868429
64, 0.351504979301
65, 0.492115279752
66, 0.532304473477
67, 0.562465343465
68, 0.572524240201
69, 0.612696406402
70, 0.602638782138
71, 0.502191052383
72, 0.502197749147
73, 0.421839832171
74, 0.421811944299
75, 0.341454663718
76, 0.301301895467
77, 0.271195655585
78, 0.231038648731
79, 0.190856454391
80, 0.241035181039
81, 0.261113269474
82, 0.271167773435
83, 0.261133846121
84, 0.19084409111
85, 0.150664474771
86, 0.150659317179
87, 0.150661206335
88, 0.160702409272
89, 0.160702985269
90, 0.100438267123
91, 0.0703061083135
92, 0.160670875642
93, 0.220920857856
94, 0.24102291344
95, 0.241047738862
96, 0.241083033322
97, 0.281249898249
98, 0.281232113854
99, 0.311348128526
100, 0.311353221271
101, 0.311363839712
102, 0.210928061584
103, 0.170738991832
104, 0.150648213018
105, 0.150645109244
106, 0.150655874227
107, 0.110492404251
108, 0.160691050807
109, 0.200848276998
110, 0.311309008706
111, 0.32138098554
112, 0.351540808116
113, 0.321430916436
114, 0.3314731706
115, 0.311368345016
116, 0.321400813264
117, 0.32140216743
118, 0.271180739733
119, 0.241036978964
120, 0.130562701782
121, 0.120525128392
122, 0.100441226579
123, 0.13056653795
124, 0.230965967211
125, 0.301268003491
126, 0.391665550854
127, 0.582484761866
128, 0.622706572236
129, 0.612689143813
130, 0.612716201702
131, 0.622773810391
132, 0.622740658755
133, 0.612660723812
134, 0.49213421932
135, 0.42183394441
136, 0.331444535076
137, 0.150659611853
138, 0.100438131706
139, 0.140590273099
140, 0.281172243825
141, 0.441848794567
142, 0.582465586113
143, 0.843589116097
144, 1.20713010585
145, 1.37792867857
146, 1.76960594433
147, 2.05087263237
148, 2.26184003882
149, 2.3723252536
150, 2.25188033503
151, 2.09120177177
152, 2.05095783922
153, 1.9906040656
154, 1.69733393654
155, 1.53666905483
156, 1.14502818285
157, 0.893959142526
158, 0.683010022072
159, 0.512228859414
160, 0.552384808684
161, 0.58251939927
162, 0.472048972878
163, 0.241056259617
164, 0.210927915996
165, 0.210925931475
166, 0.241036747866
167, 0.361519878358
168, 0.532246915384
169, 0.522251110703
170, 0.532321509584
171, 0.642809982939
172, 0.703080029061
173, 1.03439039712
174, 1.17499016605
175, 1.31565247963
176, 1.34583578722
177, 1.30570579986
178, 1.31571302817
179, 1.39603730709
180, 1.3960348814
181, 1.25545849616
182, 1.20526431999
183, 0.924029512919
184, 0.743247297696
185, 0.592582253285
186, 0.632723449775
187, 0.522262402094
188, 0.341485561907
189, 0.271188242321
190, 0.261147687541
191, 0.251097937783
192, 0.261127706282
193, 0.401694515754
194, 0.411772548189
195, 0.411793815906
196, 0.612598349211
197, 0.682951063721
198, 0.783381346668
199, 0.883826957757
200, 1.13491632869
201, 1.41607162859
202, 1.56673168117
203, 1.62702080098
204, 1.78778851359
205, 1.83805813619
206, 1.61707754696
207, 1.53674762549
208, 1.43629802614
209, 1.32577958584
210, 1.02445284385
211, 0.753275205011
212, 0.592566226763
213, 0.341481666614
214, 0.180785956649
215, 0.140611846298
216, 0.0502203643901
217, 0.060260915038
218, 0.220914341648
219, 0.230978230678
220, 0.241038723168
221, 0.301308288021
222, 0.311384010427
223, 0.311374325598
224, 0.612581624626
225, 0.733119055266
226, 0.753252566916
227, 0.7934680197
228, 0.803537624837
229, 0.873824178167
230, 1.07460968512
231, 1.26541554743
232, 1.34583292151
233, 1.40612180738
234, 1.09482896012
235, 0.964281489503
236, 0.954186936362
237, 0.903927426034
238, 0.753247457559
239, 0.703019329482
240, 0.502151881983
241, 0.241026766278
242, 0.170721817144
243, 0.12052961208
244, 0.120530690644
245, 0.210894937287
246, 0.20086711103
247, 0.251080528804
248, 0.411719260485
249, 0.401714392572
250, 0.381649081905
251, 0.72305586199
252, 0.974133572423
253, 1.15491612972
254, 1.5767111357
255, 2.0688556211
256, 2.81202292782
257, 3.15357203463
258, 3.67589602361
259, 3.83678442407
260, 3.83693583396
261, 3.9071127208
262, 3.69620383286
263, 3.54547504692
264, 3.13363706014
265, 2.57125617169
266, 2.0187634762
267, 1.64711140499
268, 1.0043223654
269, 0.83363647911
270, 0.903963142137
271, 0.654794599293
272, 0.584500570215
273, 0.564431766488
274, 0.56445820487
275, 0.654837282482
276, 0.494113381079
277, 0.494108314043
278, 0.584480061661
279, 0.634722555852
280, 0.5845178518
281, 0.743155853348
282, 1.02436645694
283, 1.144918545
284, 1.79763706425
285, 1.89820286838
286, 2.3300781575
287, 3.02299967026
288, 3.26416792067
289, 3.43497634816
290, 3.52547595068
291, 3.26444648405
292, 3.08357564122
293, 3.02320415122
294, 2.42053347307
295, 2.21966026385
296, 1.7877955617
297, 1.08474502643
298, 0.72315648455
299, 0.512225809044
300, 0.482075238982
301, 0.431869191241
302, 0.331448323562
303, 0.251110361779
304, 0.190855469918
305, 0.190838681757
306, 0.311305450047
307, 0.331404845616
308, 0.341464366349
309, 0.391696297414
310, 0.441917872925
311, 0.431887125357
312, 0.833521116251
313, 1.215140867
314, 1.3558234939
315, 1.68726599264
316, 2.28982904257
317, 2.81210346781
318, 3.3363204784
319, 3.90886333025
320, 4.09989755303
321, 4.17032497304
322, 4.18029240157
323, 4.00953955848
324, 3.99940932004
325, 3.77839871575
326, 3.14569849021
327, 2.68368500302
328, 2.13932130856
329, 1.57685953779
330, 1.37596331207
331, 1.33579245888
332, 0.924010361452
333, 0.723155655854
334, 0.592620124157
335, 0.47207281351
336, 0.361569565441
337, 0.482030354103
338, 0.522216691682
339, 0.482069368069
340, 0.401756097563
341, 0.572490534502
342, 0.602625752264
343, 1.18498396287
344, 1.33570054506
345, 1.59688839506
346, 3.31395075817
347, 4.87054072632
348, 5.84491619837
349, 7.6929659615
350, 8.50711283264
351, 9.81285034768
352, 11.7910868408
353, 12.2633197423
354, 12.3740850424
355, 12.7157298253
356, 11.6913321433
357, 10.5661201648
358, 9.92308519815
359, 8.57725124214
360, 8.00493427387
361, 6.66917510741
362, 4.9415971551
363, 4.00754250011
364, 3.86689165383
365, 3.45503506153
366, 2.84239471791
367, 2.2397804821
368, 1.92841339557
369, 1.51661206245
370, 1.26551692646
371, 1.09477659794
372, 0.81357461619
373, 0.693057221166
374, 0.57250881161
375, 0.381657981458
376, 0.471995600302
377, 0.48205181064
378, 0.441897288648
379, 0.361571826835
380, 0.572465470034
381, 0.642774842651
382, 0.964098082232
383, 0.99430212818
384, 1.12491853885
385, 2.48044449388
386, 3.68547967676
387, 4.7099571788
388, 6.46757422249
389, 7.4824637015
390, 8.45688517292
391, 10.0938051018
392, 10.1343533843
393, 10.2450057876
394, 10.947880119
395, 10.5379248897
396, 9.57350701177
397, 9.20173653022
398, 8.26780109471
399, 7.51473314189
400, 6.56058570191
401, 5.26497549229
402, 5.06417028574
403, 5.214675236
404, 4.642151588
405, 3.78652837519
406, 3.65590239126
407, 3.07339670721
408, 2.33017914967
409, 2.02887729616
410, 1.76777805248
411, 1.35597262698
412, 1.20527685509
413, 0.903937596718
414, 0.933966779472
415, 0.994226429032
416, 0.713066697255
417, 0.662893742024
418, 0.763343074844
419, 0.823602818815
420, 1.07460412001
421, 1.74739369112
422, 3.12312179844
423, 7.30031896329
424, 12.2511086674
425, 14.9635884102
426, 17.7807707308
427, 18.8469890237
428, 20.9162534712
429, 24.6713353489
430, 25.7558892315
431, 25.3143466357
432, 24.069535492
433, 21.126783113
434, 16.8173262845
435, 15.0790518624
436, 13.6789069701
437, 13.1370585961
438, 10.9579753311
439, 7.35239299161
440, 6.12711006129
441, 6.11677661203
442, 6.22699043252
443, 5.65433985035
444, 4.79071138697
445, 3.72622821202
446, 2.32022555837
447, 1.73774891469
448, 1.62715330379
449, 1.46636396818
450, 1.36592525539
451, 1.15501176317
452, 0.903933154355
453, 0.401715414095
454, 0.351506919954
455, 0.291261825135
456, 0.31136171755
457, 0.612611187404
458, 0.672880695674
459, 0.63273142346
460, 1.04445799009
461, 2.43017736467
462, 5.15337800582
463, 6.2804385953
464, 7.37569431678
465, 9.44496899964
466, 10.7510241736
467, 11.9680374029
468, 14.2174086133
469, 15.0233571965
470, 14.8228439212
471, 13.8487330021
472, 12.0387708331
473, 11.4237071678
474, 10.8208085349
475, 9.77619151048
476, 8.94278638339
477, 7.63527931785
478, 5.60648433176
479, 4.89347038755
480, 4.83310400633
481, 4.79270854216
482, 4.10973133783
483, 3.57744021302
484, 3.10546367733
485, 2.09115901906
486, 1.58897844601
487, 1.36795878762
488, 1.0866935271
489, 0.974234074242
490, 0.813534820876
491, 0.522241959593
492, 0.3113314281
493, 0.431773079787
494, 0.532219345534
495, 0.522249474693
496, 1.74725359907
497, 4.24756628275
498, 8.2261327615
499, 11.9642507145
500, 14.5362642958
501, 17.8312363058
502, 19.5596615319
503, 20.96599514
504, 23.9582901764
505, 24.7118817204
506, 24.0390121061
507, 22.2412139858
508, 19.5374198877
509, 16.8331691653
510, 14.8443440466
511, 12.2733240734
512, 10.9879939718
513, 9.5016120402
514, 6.77962530676
515, 6.26737733754
516, 6.05635139612
517, 5.52398310914
518, 4.35900162047
519, 3.42496385365
520, 2.85249357141
521, 2.04897377629
522, 1.5969679803
523, 1.41618643993
524, 1.07465878063
525, 0.833611435623
526, 0.482095202122
527, 0.421809424152
528, 0.472005069927
529, 0.614550375886
530, 0.905787943153
531, 1.01634985944
532, 1.01645142638
533, 1.52858540325
534, 3.35603626413
535, 7.06128036058
536, 8.26694512171
537, 9.5129981706
538, 11.6547276664
539, 12.739944831
540, 13.9447626889
541, 15.8225491187
542, 16.5562111909
543, 16.6567641135
544, 15.3511274937
545, 12.5107120729
546, 11.8776916464
547, 11.0740378088
548, 9.20599691072
549, 8.20980115784
550, 6.89410349679
551, 5.50989641559
552, 5.2386261907
553, 4.71642422089
554, 4.18419144826
555, 3.40894462671
556, 2.89669281381
557, 2.34417522251
558, 1.91027237536
559, 1.57884155186
560, 1.38800627001
561, 0.773344602322
562, 0.311346986068
563, 0.301282207611
564, 0.241033594185
565, 0.150654227295
566, 0.471950689357
567, 0.923842271806
568, 1.67699159978
569, 2.45033281953
570, 3.07319453373
571, 6.03748486746
572, 9.24104322731
573, 12.8986816629
574, 15.8920522783
575, 17.5323488831
576, 21.0576749939
577, 22.1849346312
578, 23.0185281706
579, 25.1873534937
580, 26.0012797026
581, 23.9825283742
582, 21.5218566015
583, 18.8001985665
584, 17.0120474707
585, 16.2966380993
586, 13.6268869979
587, 12.590670882
588, 11.4559462716
589, 9.34668170621
590, 8.20178548139
591, 7.59708148713
592, 6.99445187609
593, 6.23925623368
594, 5.11431639155
595, 4.21035059724
596, 2.9830351784
597, 2.51093614225
598, 2.06898507606
599, 1.25543364341
600, 0.964174278778
601, 0.843599098644
602, 0.823496843484
603, 0.933906929584
604, 1.24524104234
605, 2.65108383482
606, 2.65137098622
607, 2.58135546029
608, 2.57151439227
609, 2.68206865584
610, 2.99306561067
611, 2.9024832899
612, 2.86237785929
613, 2.5410776453
614, 2.23981889146
615, 1.60679740947
616, 2.38197855303
617, 4.56298813598
618, 5.7884489219
619, 5.76903236092
620, 5.47826788317
621, 5.50865954722
622, 5.99035995251
623, 6.84340630735
624, 8.36961198852
625, 8.52045336234
626, 7.83605613029
627, 6.1169062676
628, 5.00229842066
629, 4.98204141062
630, 5.57416348943
631, 5.49383932032
632, 5.10214810628
633, 4.42922826362
634, 3.25413676178
635, 2.85227544646
636, 3.02303515672
637, 2.92267366508
638, 3.12363485186
639, 3.19401384355
640, 2.76209757883
641, 2.68178127131
642, 2.80222480262
643, 2.84231614514
644, 2.46068350152
645, 1.93845408736
646, 1.68743592584
647, 1.33591988211
648, 1.02449727319
649, 0.863759461697
650, 0.682970487737
651, 0.713091990596
652, 0.451947086406
653, 0.230980925977
654, 0.331386813275
655, 0.331420697305
656, 0.311368354552
657, 0.301348957502
658, 0.331485741456
659, 0.482069902106
660, 0.622636799948
661, 0.923890939768
662, 1.04446055378
663, 1.12488141277
664, 1.35585301281
665, 1.47643833419
666, 1.67729864292
667, 1.69743362063
668, 1.68745851625
669, 1.55686568078
670, 1.42625850482
671, 1.36587779155
672, 1.25539790062
673, 1.50642404282
674, 1.25538847614
675, 1.19522399456
676, 1.77757380457
677, 3.87619284354
678, 6.98915199021
679, 8.1445977575
680, 8.2058612132
681, 8.19659688092
682, 9.05030735264
683, 9.31079329254
684, 10.2341167511
685, 10.8669210133
686, 11.1482865772
687, 9.58168771616
688, 7.45241177968
689, 7.16111351521
690, 7.39228109924
691, 7.78393557618
692, 7.21154184822
693, 6.83994658171
694, 5.96604660857
695, 5.36345039575
696, 4.45949847442
697, 4.19824954836
698, 3.29430030263
699, 2.46069777794
700, 2.17952266523
701, 1.53676141744
702, 1.22536347114
703, 0.974224749486
704, 0.783386685567
705, 0.733151010684
706, 0.632709268683
707, 0.482029104851
708, 0.692903845978
709, 0.773292049225
710, 0.763329098644
711, 0.753356587842
712, 0.823675072469
713, 0.934080538948
714, 1.29550969232
715, 1.60681500504
716, 2.01860183428
717, 2.24967541382
718, 2.18953654887
719, 2.74187403136
720, 3.13360307447
721, 3.3244968231
722, 3.28440913651
723, 3.16399848855
724, 2.80239033319
725, 2.45073634319
726, 2.28987547011
727, 2.621124744
728, 3.19350801838
729, 3.71568224838
730, 4.40880135557
731, 5.16229690563
732, 6.01617493817
733, 6.70935568343
734, 7.49275784865
735, 8.79818483868
736, 10.8787290895
737, 10.9492803948
738, 10.1664093565
739, 9.34319578601
740, 9.38327559586
741, 10.127751919
742, 11.7239326073
743, 11.5738323684
744, 11.9760368469
745, 11.1830990685
746, 9.80512830354
747, 9.20229515098
748, 9.42317138073
749, 9.69619759531
750, 9.11358278427
751, 7.62510429611
752, 5.37533603886
753, 5.05407267077
754, 4.13005337005
755, 3.89892018968
756, 2.98496414794
757, 2.88457959448
758, 2.62349064215
759, 1.98875843547
760, 1.43630474773
761, 1.24543019806
762, 1.16501367272
763, 1.06455980249
764, 0.903875023761
765, 0.783355169305
766, 0.913938327576
767, 0.97420533
768, 1.29555344506
769, 1.74746776125
770, 2.07893324819
771, 2.37220877713
772, 2.57312880349
773, 2.71381033114
774, 3.35842959406
775, 3.76210536263
776, 3.89275835942
777, 3.84272716732
778, 3.56167132265
779, 3.09967280203
780, 2.76811004158
781, 2.47474498446
782, 2.7055220385
783, 3.39026183811
784, 4.63331516466
785, 4.85253349094
786, 5.40527353187
787, 6.53039589029
788, 7.56505860298
789, 9.00099333824
790, 10.3466982847
791, 12.1765529432
792, 15.5706366081
793, 15.7419484632
794, 13.7641915817
795, 13.3529555683
796, 14.0659809133
797, 15.0993738393
798, 17.6491986991
799, 17.067405642
800, 17.7208633469
801, 16.7755472077
802, 13.8229078536
803, 13.3284056899
804, 14.4529877269
805, 15.9089112551
806, 14.9648589458
807, 13.1371642951
808, 10.7066485919
809, 10.3252143125
810, 8.78835737717
811, 8.50696119364
812, 7.76393127759
813, 7.3320416189
814, 6.19710852225
815, 4.3792425144
816, 3.77654966987
817, 3.4349656086
818, 2.25981250696
819, 1.82792979504
820, 1.53664911712
821, 1.30556196604
822, 1.22521160506
823, 1.77749231112
824, 2.04879783883
825, 2.0289123662
826, 2.44263827997
827, 2.90462499945
828, 3.56733913847
829, 4.49313565293
830, 4.9452691331
831, 5.24671455499
832, 5.60837625426
833, 6.01001953116
834, 7.21500562422
835, 8.3599616581
836, 8.77998781996
837, 8.72008035405
838, 8.1278264018
839, 7.17169905551
840, 6.55887614932
841, 5.90582581282
842, 6.35733674403
843, 6.67031867361
844, 8.07590040145
845, 9.33136017737
846, 11.5812931258
847, 13.3797198183
848, 14.7162502947
849, 17.6588587078
850, 22.5311966922
851, 26.5583127125
852, 31.448883491
853, 32.6333383536
854, 30.7267192648
855, 31.6345317208
856, 30.9835394272
857, 31.4044580161
858, 32.2576691428
859, 29.7397121082
860, 25.7507437654
861, 22.4663612293
862, 17.9401652992
863, 16.334632657
864, 16.7181299136
865, 15.1071870741
866, 13.1691764118
867, 10.6385088733
868, 8.6499964167
869, 8.51742391057
870, 8.03495005718
871, 8.45627223082
872, 7.71915752767
873, 6.80349280776
874, 5.46598350434
875, 3.8190155397
876, 3.25447701694
877, 3.11361414197
878, 2.82225766859
879, 2.54103367845
880, 2.14933485867
881, 1.0143904412
882, 0.451928963152
883, 0.351511144253
884, 0.341491030067
885, 0.712999872662
886, 1.38578790206
887, 1.97831502776
888, 2.98260725659
889, 3.07335419848
890, 3.09372188866
891, 3.71632290334
892, 3.95734699071
893, 4.2886030351
894, 4.88104605342
895, 4.91132423487
896, 4.46948625869
897, 4.1280186309
898, 3.35472347472
899, 3.55553707903
900, 3.85674454145
901, 3.55537229293
902, 3.24412626008
903, 2.88264773207
904, 2.29010698695
905, 2.32003983441
906, 2.92237213244
907, 4.33815120954
908, 5.24216660211
909, 6.30698268381
910, 7.50235870758
911, 8.86843000628
912, 12.0617983191
913, 14.803604741
914, 16.0937317549
915, 17.0905129753
916, 16.8802411014
917, 16.4983748381
918, 18.4356862384
919, 19.1786375061
920, 19.9118102384
921, 19.6010352119
922, 16.6391479305
923, 15.1927162144
924, 14.3750865973
925, 13.8604602651
926, 14.2618074422
927, 15.1955284039
928, 13.7893887516
929, 12.0222100233
930, 10.2650037439
931, 9.41153296924
932, 9.44155397875
933, 8.69982984734
934, 10.2077689575
935, 9.70582823414
936, 8.7218726864
937, 6.52267031534
938, 4.87578734415
939, 4.5440370732
940, 4.04150621398
941, 3.46899230958
942, 3.19782538076
943, 2.72378727845
944, 0.73317896058
945, 0.261138654364
946, 0.220973972949
947, 0.331418972174
948, 0.582435254068
949, 1.05438422719
950, 1.56658561961
951, 1.6471139625
952, 1.74769548322
953, 2.21970424817
954, 2.36034180582
955, 2.61133210617
956, 3.09334991103
957, 3.15371645737
958, 3.26414278228
959, 2.84238080064
960, 2.65157296696
961, 2.74194830087
962, 2.7519959762
963, 2.33014403207
964, 2.20966688137
965, 1.9585882082
966, 1.47645955996
967, 1.7675780943
968, 2.26953228526
969, 3.6472098155
970, 4.58327082811
971, 6.70238622579
972, 8.48229287768
973, 10.2502008781
974, 11.857393809
975, 13.7156468322
976, 15.0515853482
977, 15.4132464975
978, 16.7687625985
979, 16.6281951693
980, 17.4093495662
981, 16.6259553246
982, 15.8409853171
983, 15.1781701034
984, 14.364774801
985, 14.4065663568
986, 13.6131709881
987, 13.826062773
988, 12.871841401
989, 13.5827834514
990, 12.2771962985
991, 10.8413545343
992, 10.3996122801
993, 9.78695874749
994, 9.81665539441
995, 9.18144164357
996, 10.7379767017
997, 10.4952984264
998, 9.6018532693
999, 7.73416319809
1000, 7.47310575959
1001, 7.57325477916
1002, 7.10090796017
1003, 6.55852148158
1004, 5.7149449982
1005, 4.44945958756
1006, 2.36032992477
1007, 1.55679151763
1008, 1.19517939323
1009, 1.06460820343
1010, 0.582532875764
1011, 0.482084893931
1012, 0.43183163507
1013, 0.702933787403
1014, 1.2050394218
1015, 1.38592194415
1016, 1.68729806412
1017, 1.91838772422
1018, 1.91848769186
1019, 2.1694820369
1020, 2.59122149804
1021, 2.82220405951
1022, 3.07323845289
1023, 3.00302030052
1024, 2.88252970876
1025, 2.93277669029
1026, 2.62150522215
1027, 2.83231038693
1028, 2.99301232379
1029, 2.82227341179
1030, 2.43058992353
1031, 2.26994181933
1032, 2.73366957185
1033, 4.04897387323
1034, 4.77213275816
1035, 6.00757987757
1036, 7.59471204596
1037, 8.82021621381
1038, 10.4873755978
1039, 12.1948103235
1040, 13.8340458519
1041, 15.9350600123
1042, 16.6985170853
1043, 16.1162442237
1044, 17.6224511833
1045, 16.9900512635
1046, 16.7388845109
1047, 16.6181620808
1048, 15.9454626098
1049, 15.7442968978
1050, 14.8686285045
1051, 14.1234346503
1052, 15.2799050149
1053, 14.9287539469
1054, 14.0749529095
1055, 13.3423890706
1056, 12.579380226
1057, 11.4240704977
1058, 10.7308466186
1059, 9.90691757143
1060, 10.8405264886
1061, 10.1175453739
1062, 7.56286105071
1063, 7.18152523878
1064, 6.02660069891
1065, 6.05658960985
1066, 5.67468152595
1067, 5.39346403077
1068, 4.92151208582
1069, 4.1280178548
1070, 2.50285119461
1071, 1.71946299378
1072, 1.47838752954
1073, 1.22728478113
1074, 0.654809047668
1075, 0.634683212547
1076, 0.44386032351
1077, 0.303276796908
1078, 0.303289676917
1079, 0.43383121259
1080, 0.642694637245
1081, 0.873675135357
1082, 1.51637466731
1083, 1.63703866605
1084, 1.79785370887
1085, 2.37024966029
1086, 2.90256256901
1087, 3.74606589329
1088, 4.22821900063
1089, 4.46948999727
1090, 4.53988680578
1091, 5.42348606179
1092, 5.50573086304
1093, 5.82716257204
1094, 6.65071441573
1095, 7.16495117
1096, 6.95420480403
1097, 6.76532951967
1098, 6.41406417671
1099, 6.20323717765
1100, 5.96199358613
1101, 5.57202681328
1102, 6.74461646677
1103, 8.50188837724
1104, 10.1327997436
1105, 11.589374963
1106, 13.4078778533
1107, 15.0754447297
1108, 16.4116131628
1109, 17.6270242964
1110, 19.9084909986
1111, 21.9349056235
1112, 21.0231386664
1113, 21.2258413712
1114, 19.0632302669
1115, 17.2134276554
1116, 15.8773126113
1117, 14.7120343638
1118, 14.1994968281
1119, 13.3758980195
1120, 12.9920315311
1121, 12.2286029145
1122, 11.6043236687
1123, 9.74449282341
1124, 9.7750102581
1125, 9.61623448244
1126, 9.45503762001
1127, 8.65953757613
1128, 8.37831681051
1129, 8.59925378299
1130, 7.37586801769
1131, 5.4376419696
1132, 5.07627747759
1133, 4.58423676886
1134, 4.30287754873
1135, 3.88885401451
1136, 3.68780416764
1137, 3.46695201175
1138, 2.82429757098
1139, 2.13135112314
1140, 1.37612037486
1141, 1.34592820806
1142, 1.3960758779
1143, 1.58683291489
1144, 1.39603329002
1145, 1.19518888829
1146, 1.08465546679
1147, 1.43612604488
1148, 2.35992650379
1149, 3.06293874349
1150, 3.69584666769
1151, 3.97735334057
1152, 4.26880279028
1153, 5.09214678438
1154, 5.29303360748
1155, 7.67470962813
1156, 11.9744255931
1157, 13.9171799247
1158, 15.0245200128
1159, 15.2366810511
1160, 15.6191308596
1161, 15.7394237659
1162, 15.4377308768
1163, 15.0957619022
1164, 15.9209369851
1165, 14.4141850064
1166, 10.2963386032
1167, 7.95262253865
1168, 5.94217847971
1169, 5.08837905355
1170, 5.13811096751
1171, 5.58980322238
1172, 6.60413224458
1173, 6.262977156
1174, 5.74910154326
1175, 6.12863200354
1176, 7.39177184234
1177, 9.14914032855
1178, 11.2481908059
1179, 11.8816319831
1180, 11.0185074739
1181, 10.5767613309
1182, 9.9840582363
1183, 9.98560157172
1184, 9.91496346229
1185, 9.34240793923
1186, 8.46858425984
1187, 7.14291387299
1188, 6.28099113456
1189, 6.3012130986
1190, 6.53241083708
1191, 6.61282359316
1192, 6.21131786748
1193, 6.09877697529
1194, 6.07844725659
1195, 5.75695065085
1196, 5.30686488093
1197, 5.40728234097
1198, 4.29065946248
1199, 3.61981470285
1200, 3.20808709181
1201, 2.82641912427
1202, 3.05725233236
1203, 3.34831513035
1204, 4.03105708955
1205, 3.95089599262
1206, 3.69807657691
1207, 3.36682692347
1208, 3.30668912693
1209, 3.30454450236
1210, 3.23413289784
1211, 3.15378741249
1212, 2.88258595656
1213, 2.31006918525
1214, 1.17511638435
1215, 1.03445431503
1216, 1.13482263598
1217, 1.18500095511
1218, 1.32564387602
1219, 1.23539774094
1220, 1.47648629487
1221, 2.2496594407
1222, 2.37023545267
1223, 3.29405679784
1224, 6.69004352043
1225, 7.96784187812
1226, 9.03273896098
1227, 9.23634515119
1228, 9.44996729809
1229, 9.57034951547
1230, 9.31891634479
1231, 9.01722722172
1232, 9.39864525035
1233, 9.16745968381
1234, 6.12232386967
1235, 4.81493479245
1236, 3.52950852361
1237, 3.03541732735
1238, 2.58137475484
1239, 3.05312936784
1240, 3.7379181935
1241, 5.22394688714
1242, 5.30456968466
1243, 5.26477757883
1244, 6.48007583709
1245, 7.6874090618
1246, 8.89244467741
1247, 12.157941568
1248, 13.9059168799
1249, 13.2840044991
1250, 13.0614571676
1251, 12.057244318
1252, 12.5608408027
1253, 12.7008142334
1254, 12.2909243511
1255, 12.4899274982
1256, 12.5201204252
1257, 10.0375044419
1258, 8.90479693932
1259, 9.25658171596
1260, 9.23641618437
1261, 8.28219152909
1262, 7.29583583942
1263, 6.70312028406
1264, 5.63648071574
1265, 4.35078356609
1266, 3.5070340309
1267, 2.90448244382
1268, 2.48071093404
1269, 2.50081942262
1270, 2.4606847765
1271, 2.72179050955
1272, 3.25597361664
1273, 4.47103457049
1274, 4.65204808655
1275, 4.51167896787
1276, 4.48166682629
1277, 4.38139683606
1278, 4.19038277639
1279, 3.83870705435
1280, 3.43701598244
1281, 3.12561712998
1282, 2.48077125297
1283, 1.04451692074
1284, 0.913903242422
1285, 1.02433711384
1286, 0.91383089358
1287, 1.0343801665
1288, 1.01443010396
1289, 1.38602984193
1290, 3.34404271192
1291, 4.23793267882
1292, 6.25647127514
1293, 9.86772753782
1294, 11.1038271621
1295, 12.7110455581
1296, 12.9327193784
1297, 13.5960104385
1298, 14.1380435419
1299, 13.8365566982
1300, 12.841811665
1301, 12.7913942239
1302, 11.4254297996
1303, 8.81805580744
1304, 7.64334324363
1305, 5.94617968978
1306, 5.38377237296
1307, 4.49991344894
1308, 4.16821924762
1309, 4.47933989788
1310, 4.84054874276
1311, 4.28832708578
1312, 4.10772665048
1313, 3.24426557969
1314, 3.72640095662
1315, 4.32875968171
1316, 5.31277749908
1317, 5.54396223942
1318, 5.97596158937
1319, 6.59863663369
1320, 6.87961017394
1321, 8.63687863883
1322, 9.43251080533
1323, 9.89504271822
1324, 10.28698259
1325, 10.0862817397
1326, 9.42527226517
1327, 9.35480029456
1328, 8.75223759833
1329, 7.80805051263
1330, 6.36159252627
1331, 4.37289186834
1332, 3.1957629342
1333, 2.73378941734
1334, 2.03069587445
1335, 1.89004751812
1336, 1.98849182435
1337, 2.18941912774
1338, 2.46268057679
1339, 2.80616582325
1340, 2.92671571657
1341, 4.12162071491
1342, 4.39289306686
1343, 4.46337270741
1344, 4.39318258655
1345, 4.27280273086
1346, 4.05172105496
1347, 3.66996544483
1348, 3.38679763769
1349, 3.00316068716
1350, 2.75202544846
1351, 1.53668213779
1352, 1.19518523267
1353, 1.01440899614
1354, 0.713106821256
1355, 0.461994047724
1356, 0.421776122937
1357, 0.963990078076
1358, 1.24519073693
1359, 1.2252432757
1360, 1.42619949342
1361, 2.77177510559
1362, 4.59932516623
1363, 5.82462740273
1364, 8.99808276023
1365, 10.7261624755
1366, 12.7672730378
1367, 13.2698674789
1368, 13.4010818769
1369, 14.1040727498
1370, 14.033660778
1371, 13.5510849603
1372, 12.5382732933
1373, 11.6243999561
1374, 9.05324551522
1375, 7.42643014933
1376, 5.30535636291
1377, 4.26072876418
1378, 3.81876605911
1379, 3.20597098326
1380, 3.1355696793
1381, 3.18551424651
1382, 2.3902244834
1383, 2.35013679617
1384, 3.34416693948
1385, 5.55741837277
1386, 8.61414342765
1387, 11.4163574816
1388, 12.6527447197
1389, 12.9148925669
1390, 13.8793133893
1391, 14.3208084508
1392, 15.517309931
1393, 16.4830930229
1394, 16.744209026
1395, 17.2120885159
1396, 14.9989342273
1397, 13.1311753538
1398, 12.7097090644
1399, 12.4589523644
1400, 11.6350242278
1401, 10.6303247243
1402, 9.78454570223
1403, 8.75799021268
1404, 7.02047503995
1405, 4.62010189512
1406, 4.41910325961
1407, 3.96709142023
1408, 3.55533816763
1409, 3.59571562221
1410, 3.38498522276
1411, 3.2944965804
1412, 3.58748631234
1413, 5.19593156449
1414, 5.31670045792
1415, 5.36721594893
1416, 5.11642937652
1417, 4.97602403227
1418, 4.86528145822
1419, 4.77479105411
1420, 4.83511887573
1421, 4.57396856537
1422, 4.10987675804
1423, 2.47068751448
1424, 2.47064492152
1425, 2.50071862073
1426, 2.21959698774
1427, 1.96860376577
1428, 1.85815489255
1429, 1.99878099319
1430, 1.93850125556
1431, 1.98867008091
1432, 1.93843728489
1433, 2.29987233429
1434, 4.86022430886
1435, 4.58945004079
1436, 5.17426362029
1437, 8.02634981838
1438, 10.728100528
1439, 12.8068805972
1440, 16.9062749533
1441, 19.7995934832
1442, 21.5378052504
1443, 22.1609440953
1444, 20.2431127227
1445, 20.9259107154
1446, 20.9434731147
1447, 19.0548611501
1448, 16.5740797161
1449, 14.4148676451
1450, 10.5561777048
1451, 7.9749126967
1452, 6.5083138513
1453, 5.41349670562
1454, 4.56993270008
1455, 4.12798257385
1456, 4.1177689449
1457, 4.01711257759
1458, 3.74613312254
1459, 3.71630598866
1460, 4.04779918757
1461, 4.6702776302
1462, 5.01151667065
1463, 6.24668589163
1464, 6.72914287604
1465, 6.65916968116
1466, 6.70935151126
1467, 7.01044959426
1468, 7.53263364433
1469, 8.46657192971
1470, 8.89858045394
1471, 8.40669734843
1472, 8.16565241459
1473, 7.03084695509
1474, 6.92034352473
1475, 6.67920400252
1476, 6.16684181771
1477, 5.08210600291
1478, 4.62010106016
1479, 3.71617666064
1480, 3.04319383633
1481, 2.78203748059
1482, 2.50080110099
1483, 2.46067457003
1484, 2.12931840145
1485, 2.02891537971
1486, 1.76777730928
1487, 2.11912107544
1488, 3.19345102866
1489, 3.14344090203
1490, 3.11348056431
1491, 3.36473500998
1492, 4.16006481645
1493, 4.54155781977
1494, 4.65213253989
1495, 4.722701663
1496, 4.8654106971
1497, 4.76476860626
1498, 3.65981337209
1499, 3.68994544081
1500, 3.46905755928
1501, 3.11756476864
1502, 2.091128705
1503, 2.14114391164
1504, 2.00060420869
1505, 1.89022010371
1506, 1.68743520298
1507, 1.26567499959
1508, 1.10488815298
1509, 1.01439658263
1510, 1.17501771556
1511, 1.01436087716
1512, 1.08467933381
1513, 1.07451844104
1514, 1.76743777569
1515, 2.2294626539
1516, 3.22372263255
1517, 3.25423282744
1518, 3.35486780911
1519, 3.49547136734
1520, 3.68618395081
1521, 4.37887232165
1522, 4.50942432266
1523, 4.16808747615
1524, 3.42506846667
1525, 3.01335676758
1526, 2.39044640545
1527, 2.92254749719
1528, 2.90250846182
1529, 2.75198214122
1530, 2.38050063942
1531, 2.0791239158
1532, 2.96256458595
1533, 2.84212955124
1534, 2.83232848452
1535, 2.85263614446
1536, 2.70205248987
1537, 2.64145905398
1538, 3.3743259076
1539, 4.29828598612
1540, 4.4994293966
1541, 5.09204597894
1542, 4.90127140741
1543, 6.57827581868
1544, 8.85778461747
1545, 10.6557246755
1546, 11.3091149027
1547, 11.2293693458
1548, 10.6873472418
1549, 10.6688785084
1550, 10.8693366143
1551, 10.2163170685
1552, 9.60369756812
1553, 8.00693407482
1554, 6.01826079472
1555, 4.52161086406
1556, 3.98925494421
1557, 4.11973991226
1558, 4.44111636694
1559, 3.85671103158
1560, 3.4651735632
1561, 3.30455534935
1562, 3.86678397253
1563, 4.17802097298
1564, 4.19811720629
1565, 4.32875553729
1566, 4.48960386906
1567, 5.45344600885
1568, 5.21248359198
1569, 4.96167450224
1570, 4.98198477737
1571, 4.84154058158
1572, 4.1080903679
1573, 3.69604718042
1574, 3.48511020645
1575, 3.02313152851
1576, 2.62140596644
1577, 1.21528607809
1578, 1.06458556089
1579, 1.09472320153
1580, 1.06462644748
1581, 1.04458970339
1582, 1.12490182253
1583, 1.3859421867
1584, 1.51649046725
1585, 3.24752057725
1586, 3.53902119234
1587, 3.79036415201
1588, 4.6942805736
1589, 6.07027386283
1590, 7.7973631542
1591, 10.5488509389
1592, 11.232478747
1593, 11.3456104256
1594, 12.1392657999
1595, 12.3157930969
1596, 13.620892183
1597, 14.1933022248
1598, 14.4245630693
1599, 12.958873526
1600, 11.1713086582
1601, 8.47939870704
1602, 7.92673961174
1603, 7.93437992373
1604, 6.99020994762
1605, 5.0318687394
1606, 3.36475749287
1607, 2.61145977146
1608, 2.15108071731
1609, 2.34191547486
1610, 2.36217388378
1611, 2.38243275264
1612, 2.34232370538
1613, 2.57306267146
1614, 3.05498694156
1615, 3.7600240026
1616, 3.85070206049
1617, 4.33285298473
1618, 3.95924929465
1619, 4.89304772394
1620, 7.12415706408
1621, 8.80145418313
1622, 9.10328440753
1623, 8.50132339521
1624, 8.25062551138
1625, 7.63586503865
1626, 7.63539031055
1627, 7.32368323571
1628, 7.18301514439
1629, 6.40966344899
1630, 4.47937480834
1631, 3.01309791622
1632, 2.68170482959
1633, 2.89260954262
1634, 2.95283563207
1635, 3.23403171176
1636, 3.3043847432
1637, 3.02323907758
1638, 2.85250265072
1639, 2.90262033023
1640, 2.8523341308
1641, 3.20372669494
1642, 4.66974625389
1643, 6.14800974926
1644, 6.87335171595
1645, 8.75151114604
1646, 8.82260636127
1647, 9.08407457044
1648, 9.20455742616
1649, 9.24465733725
1650, 9.00330067225
1651, 8.59126205286
1652, 7.18515182136
1653, 5.55611673614
1654, 4.66020778596
1655, 2.62135950332
1656, 2.58121828751
1657, 2.32008865805
1658, 2.22963791193
1659, 2.550837112
1660, 2.95257491384
1661, 3.16351178719
1662, 4.57939818583
1663, 5.24250267421
1664, 5.38336194118
1665, 5.74508163186
1666, 6.25748894939
1667, 7.19126807489
1668, 9.59290655949
1669, 10.0852249185
1670, 10.5275551156
1671, 10.6887465243
1672, 10.1786909098
1673, 10.821057875
1674, 11.84511076
1675, 12.6786936347
1676, 12.2674166556
1677, 11.2835547811
1678, 8.75062117824
1679, 7.73600462162
1680, 7.31374886821
1681, 6.83149722086
1682, 5.5741797101
1683, 4.19832487242
1684, 3.63570622464
1685, 3.1834909563
1686, 2.98274945113
1687, 3.10350315045
1688, 3.28450509048
1689, 3.60581830642
1690, 3.93888680768
1691, 4.33249092237
1692, 4.59381858834
1693, 5.22662058208
1694, 4.95552167159
1695, 5.89108541295
1696, 7.01588457837
1697, 7.95014422956
1698, 8.08114031346
1699, 7.66981592175
1700, 7.41665291418
1701, 7.24370294314
1702, 7.47445995711
1703, 7.41402204653
1704, 7.40604540784
1705, 6.04821829919
1706, 5.3150765452
1707, 4.45146414819
1708, 4.35102779152
1709, 4.47152470431
1710, 4.34087694084
1711, 4.35083981988
1712, 4.45120268506
1713, 4.42105097669
1714, 4.47936837955
1715, 4.27861165562
1716, 4.79271405825
1717, 5.80698581903
1718, 7.75504933487
1719, 8.71937238638
1720, 11.0111863326
1721, 13.63254586
1722, 13.0911734979
1723, 12.6195829541
1724, 12.4089485038
1725, 13.2020292333
1726, 12.2653451714
1727, 11.1001007527
1728, 8.97107677439
1729, 7.76599907459
1730, 5.20270093208
1731, 2.71162711429
1732, 2.93261103623
1733, 3.04312555344
1734, 3.13551752686
1735, 2.91448233017
1736, 4.33035875234
1737, 6.43918292529
1738, 12.052442551
1739, 13.6000328979
1740, 15.0893821186
1741, 16.8677227541
1742, 20.9452800849
1743, 22.5739466202
1744, 27.7049508354
1745, 30.2264954384
1746, 31.131401743
1747, 30.4489935263
1748, 28.4000636861
1749, 28.8920572112
1750, 30.1246731266
1751, 31.1407408691
1752, 27.4155780995
1753, 25.9476777337
1754, 20.442039131
1755, 17.1677424171
1756, 15.0176143809
1757, 14.1733558215
1758, 10.6480631788
1759, 8.56919115993
1760, 5.7069080222
1761, 3.19386056565
1762, 3.45670780769
1763, 3.67758189783
1764, 6.16795110369
1765, 6.48991217372
1766, 6.87191151937
1767, 6.85202726156
1768, 8.58137420258
1769, 9.14366511112
1770, 10.479164791
1771, 10.7745766092
1772, 13.5240042215
1773, 13.9059140066
1774, 11.8474838307
1775, 11.607030839
1776, 11.2980695737
1777, 11.4581366915
1778, 9.75829787117
1779, 9.51716100407
1780, 8.6433941639
1781, 8.30796524158
1782, 5.27473144507
1783, 4.72235146201
1784, 4.50354803665
1785, 4.64425280224
1786, 5.47560966739
1787, 5.1039816756
1788, 5.34704610176
1789, 5.57814773709
1790, 5.58834404352
1791, 5.76892113406
1792, 5.64030637952
1793, 6.22275422214
1794, 7.52625346275
1795, 10.5186954305
1796, 11.1717199917
1797, 12.2368577564
1798, 13.1695217113
1799, 12.627963072
1800, 12.2261445592
1801, 11.6331532454
1802, 11.7111666779
1803, 10.8972931127
1804, 9.77227229966
1805, 6.67900567079
1806, 5.0319850615
1807, 3.738325979
1808, 2.42263761723
1809, 2.55315522315
1810, 2.91457138038
1811, 4.4908951517
1812, 5.20391877868
1813, 6.33891481523
1814, 7.9780753222
1815, 8.82229937149
1816, 10.2485175402
1817, 12.7369921004
1818, 13.320031718
1819, 13.8324243444
1820, 14.3748615714
1821, 14.4248788231
1822, 14.5549782264
1823, 14.7877236692
1824, 14.0428111416
1825, 13.8122618826
1826, 13.0088634871
1827, 11.5523687633
1828, 11.612606864
1829, 11.4116910362
1830, 11.100276982
1831, 9.21228048658
1832, 7.84635518101
1833, 6.21723814598
1834, 4.87134408083
1835, 4.01748688774
1836, 3.29426024836
1837, 2.36013058355
1838, 1.69730055013
1839, 1.24539641672
1840, 0.873765897853
1841, 1.59675060868
1842, 2.45029736772
1843, 3.82609559986
1844, 4.69005683895
1845, 5.08414335748
1846, 5.20497416577
1847, 5.32555779168
1848, 5.57650598417
1849, 6.72297386885
1850, 6.75311436165
1851, 6.23101125211
1852, 5.44780630401
1853, 4.4133982188
1854, 3.66001573557
1855, 3.58752942178
1856, 3.66983243532
1857, 3.61962451318
1858, 3.68992734299
1859, 3.18569877456
1860, 3.60747241216
1861, 3.99919100787
1862, 4.20023396208
1863, 3.8589967011
1864, 4.18036698554
1865, 5.55583200831
1866, 6.64833717453
1867, 6.88956924112
1868, 7.55470415954
1869, 8.36842640793
1870, 8.86050704002
1871, 9.63359334281
1872, 10.2062905111
1873, 12.2952399741
1874, 13.4201117467
1875, 12.3557615985
1876, 11.1307713636
1877, 10.588753562
1878, 9.74299820136
1879, 8.40679010905
1880, 7.65313011
1881, 6.61854644337
1882, 6.62849779251
1883, 4.83086904237
1884, 3.42496805177
1885, 3.18396317639
1886, 3.14387029311
1887, 3.40486045188
1888, 3.67588118988
1889, 4.55148710816
1890, 4.6117648836
1891, 4.8729687927
1892, 5.78673642757
1893, 6.31926860644
1894, 7.25332747479
1895, 9.37218920503
1896, 10.2665329869
1897, 10.4275109089
1898, 10.8112816603
1899, 11.5123037166
1900, 11.7531432068
1901, 12.807229151
1902, 12.1445312717
1903, 12.7473410403
1904, 12.5666448653
1905, 11.2007660794
1906, 11.1003790424
1907, 11.110515061
1908, 10.5863230419
1909, 8.95932515576
1910, 8.16585048512
1911, 6.45828964072
1912, 5.33329287016
1913, 3.93713018577
1914, 3.19380833138
1915, 2.25971037424
1916, 1.44620157464
1917, 0.954141613988
1918, 0.843674444561
1919, 1.49633522147
1920, 2.42014763132
1921, 3.61519319741
1922, 4.04736626369
1923, 4.86110962787
1924, 4.88149521452
1925, 5.14263194972
1926, 5.28316760891
1927, 6.03620404998
1928, 6.01612373604
1929, 5.4436901181
1930, 4.52981754982
1931, 3.44513960123
1932, 3.42485413668
1933, 3.32812060852
1934, 3.72982142048
1935, 3.63956021528
1936, 4.01130808134
1937, 4.52346425283
1938, 5.83896866053
1939, 6.77501118301
1940, 8.03056694991
1941, 8.49301173804
1942, 9.61782270625
1943, 13.5216696199
1944, 15.903851013
1945, 18.0755375674
1946, 18.8599998546
1947, 19.7546823735
1948, 19.8048182709
1949, 20.4049285948
1950, 19.6316210314
1951, 19.1900004199
1952, 17.6735112336
1953, 13.1316160566
1954, 10.2768559503
1955, 7.74362491477
1956, 6.81946387375
1957, 4.93128489901
1958, 4.08755393593
1959, 2.56104477446
1960, 2.31009130298
1961, 3.33432396324
1962, 3.55542874162
1963, 3.85673038883
1964, 4.02755734232
1965, 5.07401991503
1966, 5.29485890638
1967, 6.02789623241
1968, 7.50399601085
1969, 8.96045170923
1970, 11.0293120569
1971, 12.8791699023
1972, 14.7979187929
1973, 16.2645564813
1974, 17.6709712594
1975, 17.9404634051
1976, 18.3622320171
1977, 19.1251431809
1978, 18.2713545874
1979, 18.2530758841
1980, 16.7768507794
1981, 15.0775862919
1982, 13.8021148958
1983, 12.1852517503
1984, 10.5883440933
1985, 9.23252147753
1986, 8.13766169276
1987, 6.47213286386
1988, 5.14625582106
1989, 3.76014574554
1990, 3.47880124298
1991, 2.31384375809
1992, 1.490383763
1993, 1.22940493195
1994, 1.25957730597
1995, 1.73339811781
1996, 2.07475230763
1997, 2.18329857171
1998, 2.37424104364
1999, 2.27195411869
2000, 2.26178007298
2001, 2.65334678372
2002, 2.7940132994
2003, 3.02509978659
2004, 2.94491854523
2005, 2.5613110906
2006, 2.91257909529
2007, 3.47483774917
2008, 4.11755133488
2009, 4.8206666441
2010, 5.66433660358
2011, 5.94572411225
2012, 6.78941631419
2013, 10.506682631
2014, 12.5155719005
2015, 13.8015291659
2016, 14.3243613286
2017, 14.6263857567
2018, 14.9575688833
2019, 15.4993261426
2020, 14.7661387199
2021, 14.4649706582
2022, 13.4307201784
2023, 9.56203270746
2024, 7.58323351111
2025, 6.25729966152
2026, 5.19250965693
2027, 4.16803984217
2028, 3.28417041292
2029, 2.45044682126
2030, 2.13915528
2031, 1.88812429968
2032, 2.0991534701
2033, 2.63143994398
2034, 3.2941777379
2035, 3.56539391259
2036, 3.71615321776
2037, 3.94730448001
2038, 3.94734855239
2039, 3.51540972841
2040, 3.60565756764
2041, 4.96113689327
2042, 5.64409355071
2043, 5.86712341455
2044, 7.24297026851
2045, 8.33802896949
2046, 9.93485077185
2047, 11.3208854995
2048, 13.3096466585
2049, 14.6355727527
2050, 15.8207830619
2051, 15.1481144758
2052, 15.5398422099
2053, 15.6282062822
2054, 15.7482331963
2055, 15.2661890714
2056, 13.6896800075
2057, 12.866201225
2058, 10.6468875613
2059, 9.31092920235
2060, 7.73379332928
2061, 6.92021477599
2062, 6.12650600741
2063, 5.83702860046
2064, 3.92881117905
2065, 3.30625609819
2066, 3.15579979678
2067, 2.53317019869
2068, 2.84439708042
2069, 2.98494937802
2070, 3.13557494942
2071, 3.02516895127
2072, 3.74801450913
2073, 3.59538645331
2074, 4.02721903561
2075, 4.28848590125
2076, 4.43947733546
2077, 4.26884586647
2078, 4.84103970657
2079, 5.35313077517
2080, 6.58012567841
2081, 7.79535844617
2082, 7.74537507771
2083, 8.32809383033
2084, 8.46890313184
2085, 9.02129004153
2086, 10.8508053658
2087, 13.8131858795
2088, 14.1750971358
2089, 14.2961927418
2090, 13.2905297118
2091, 12.1659688846
2092, 11.1913002596
2093, 10.2467950993
2094, 9.37282443279
2095, 8.86033590603
2096, 7.48224208366
2097, 5.14205878943
2098, 4.82061304264
2099, 5.26256648641
2100, 7.24088709292
2101, 8.68725168352
2102, 10.0734846175
2103, 10.8875029418
2104, 12.1231185317
2105, 13.7517126904
2106, 13.7618143732
2107, 14.7860713115
2108, 14.8365363118
2109, 14.9672253134
2110, 12.9987413751
2111, 12.1289463843
2112, 12.2089725368
2113, 12.5101408177
2114, 12.9035490075
2115, 15.1304486543
2116, 16.6575437603
2117, 17.3648909645
2118, 19.6549982191
2119, 21.9773586385
2120, 24.6608320916
2121, 26.8162081259
2122, 27.1683758162
2123, 27.7030579437
2124, 27.1788796971
2125, 25.2398620906
2126, 23.6329093884
2127, 21.4094798568
2128, 18.9688060124
2129, 15.4316567861
2130, 12.5568853507
2131, 9.89504484875
2132, 8.03705550523
2133, 6.39790660215
2134, 5.65649678045
2135, 3.3665448535
2136, 2.83426441688
2137, 2.71381769378
2138, 1.90035936611
2139, 1.98061951708
2140, 1.80984581374
2141, 2.19134316312
2142, 2.14119994581
2143, 4.1815340461
2144, 4.42075768843
2145, 4.89304769435
2146, 4.93360028236
2147, 5.29552017848
2148, 5.96816737876
2149, 6.83343145765
2150, 7.45609907357
2151, 7.63697454513
2152, 8.12934717082
2153, 6.79360377668
2154, 6.99435681654
2155, 7.12480052564
2156, 8.60096640195
2157, 9.70770895603
2158, 9.79835993182
2159, 9.16394379314
2160, 8.58182274892
2161, 7.84870682452
2162, 7.32615773504
2163, 6.4903315106
2164, 5.6565542752
2165, 5.23458345001
2166, 4.18992970985
2167, 3.56511755847
2168, 3.59526649909
2169, 4.32042268331
2170, 5.23455075956
2171, 5.82736521107
2172, 6.78151530216
2173, 7.11317376493
2174, 7.48480408131
2175, 7.98672790108
2176, 7.83609486519
2177, 7.38407028679
2178, 7.09278063356
2179, 6.35770840767
2180, 5.48397254193
2181, 5.57419840264
2182, 5.26277573916
2183, 5.41342450936
2184, 5.1323122057
2185, 5.24269696505
2186, 5.24277364641
2187, 5.19252948189
2188, 5.76480024663
2189, 6.98193481001
2190, 8.23731825728
2191, 8.98054050713
2192, 9.87663087893
2193, 10.0378421611
2194, 10.3694749124
2195, 9.77692251176
2196, 9.3350499963
2197, 8.93309571597
2198, 7.93856190048
2199, 6.33956283452
2200, 5.10410062973
2201, 3.83857301235
2202, 2.33010478784
2203, 1.82795358449
2204, 1.67726080003
2205, 1.4161301168
2206, 1.60694404021
2207, 2.07893704058
2208, 2.14931562983
2209, 2.09916861546
2210, 2.11928272503
2211, 2.56109835175
2212, 2.4908272286
2213, 3.23383041467
2214, 4.16773281468
2215, 4.1780785155
2216, 4.42924491623
2217, 5.56599966502
2218, 7.31337960323
2219, 8.67915635089
2220, 9.90663222408
2221, 10.5800073198
2222, 11.2432676609
2223, 10.9620492695
2224, 10.3994995791
2225, 10.4095540229
2226, 10.54991898
2227, 9.26229170694
2228, 7.35408125502
2229, 5.89776178956
2230, 4.52987503753
2231, 3.25429208619
2232, 2.55111363819
2233, 2.06894706739
2234, 1.70731389112
2235, 2.02055348109
2236, 2.20120276979
2237, 3.0447663159
2238, 4.28013075614
2239, 5.10394397908
2240, 5.76906696013
2241, 6.02046418081
2242, 6.49253629398
2243, 7.00454497893
2244, 7.04459666777
2245, 6.87180770283
2246, 6.50022278304
2247, 6.04820994339
2248, 5.05390766703
2249, 4.541713008
2250, 4.29871153607
2251, 4.25861892092
2252, 4.66011990397
2253, 7.41119307642
2254, 8.56639258229
2255, 9.73370677279
2256, 10.1662964219
2257, 10.0766513745
2258, 10.3476716724
2259, 11.0703045047
2260, 12.9678659149
2261, 13.3597026163
2262, 13.2795927038
2263, 11.7730289227
2264, 10.6687205219
2265, 9.38112802525
2266, 10.6159255202
2267, 10.6162217306
2268, 10.4856139914
2269, 10.0135768222
2270, 8.05544371165
2271, 7.69374299923
2272, 7.35196567578
2273, 5.93580194418
2274, 6.14663604
2275, 7.49412363018
2276, 7.42356123911
2277, 7.05243276243
2278, 6.62108121547
2279, 6.09923848561
2280, 5.88829923786
2281, 6.67090896547
2282, 7.73492360584
2283, 8.66894773709
2284, 9.37222719349
2285, 10.1556780261
2286, 9.48309247234
2287, 11.2406721197
2288, 12.2854859137
2289, 13.0591951247
2290, 13.0894935535
2291, 12.1554805191
2292, 10.6989761958
2293, 9.30266288152
2294, 8.01688444255
2295, 5.65455177077
2296, 4.52960155031
2297, 2.85223644313
2298, 2.1993622255
2299, 2.59086112746
2300, 3.61522572672
2301, 4.63975259748
2302, 5.53383533496
2303, 6.36775083309
2304, 7.30387763381
2305, 9.57326372843
2306, 9.89485850762
2307, 10.0055790032
2308, 10.1765349517
2309, 10.7086605981
2310, 9.76645201397
2311, 8.77212021459
2312, 9.85651088786
2313, 9.1639663937
2314, 8.6898312533
2315, 7.83581677583
2316, 7.4647047035
2317, 8.39834546845
2318, 10.398431196
2319, 11.1416375173
2320, 11.8851899215
2321, 11.9763895239
2322, 12.2074456672
2323, 12.7900518537
2324, 12.6793223126
2325, 14.8396211852
2326, 15.0412145874
2327, 13.7559792645
2328, 12.0465385208
2329, 10.1406515524
2330, 9.85691193269
2331, 10.1678493656
2332, 8.25981301176
2333, 9.40444572127
2334, 9.37452611375
2335, 6.05834368375
2336, 5.948034693
2337, 5.95834740721
2338, 6.73302859879
2339, 6.33930417016
2340, 5.68667858715
2341, 6.55024910968
2342, 7.31367739875
2343, 9.40170445226
2344, 13.398412781
2345, 16.0806618493
2346, 17.9315842014
2347, 20.2043343791
2348, 21.3876357948
2349, 25.2454059347
2350, 25.8784773261
2351, 24.7141064415
2352, 23.5998312972
2353, 19.6527286462
2354, 15.353198642
2355, 12.7311226211
2356, 11.0918699786
2357, 9.07112439374
2358, 7.41378008598
2359, 4.1979197757
2360, 4.43904588368
2361, 6.38721345336
2362, 7.39186814829
2363, 8.65748603293
2364, 10.0235100259
2365, 10.3453234634
2366, 10.1565257275
2367, 10.1584955259
2368, 14.941540603
2369, 14.5904812763
2370, 14.0688033996
2371, 15.7960465497
2372, 15.536218122
2373, 14.8629147497
2374, 18.9790311489
2375, 19.7534433978
2376, 21.3986028249
2377, 23.8290594712
2378, 23.5437654649
2379, 24.3877796265
2380, 24.0569902085
2381, 21.4664283121
2382, 22.1596380928
2383, 23.0323638169
2384, 19.8876006776
2385, 19.5064514189
2386, 18.7937551057
2387, 17.7874032604
2388, 13.1976584443
2389, 13.809912145
2390, 14.6335676604
2391, 14.9349242467
2392, 15.1677843565
2393, 14.3766175674
2394, 13.5729680317
2395, 13.7356991579
2396, 14.7437436931
2397, 15.8098338263
2398, 15.0773513926
2399, 13.5211328753
2400, 14.515376124
2401, 13.6436420955
2402, 13.3195771847
2403, 15.3257196674
2404, 15.9506672473
2405, 16.3907955393
2406, 16.0053903704
2407, 14.7885786786
2408, 14.7387450544
2409, 14.487699766
2410, 12.6597608157
2411, 11.9043424433
2412, 10.5379910322
2413, 8.12721931306
2414, 6.71086278935
2415, 5.89721586147
2416, 5.7964957766
2417, 5.50733330841
2418, 7.59632137608
2419, 11.8983613003
2420, 13.6987086596
2421, 15.0853625801
2422, 18.2291272428
2423, 18.9329494286
2424, 18.8303888499
2425, 18.7196877657
2426, 18.9324083667
2427, 17.855655765
2428, 15.9672802458
2429, 12.3577324177
2430, 10.7490706406
2431, 9.92522637397
2432, 8.33786406947
2433, 8.09696950996
2434, 9.38224286085
2435, 10.6175709745
2436, 10.7382501056
2437, 11.5822195832
2438, 13.0487241112
2439, 13.7519650035
2440, 15.2081599845
2441, 17.4895250815
2442, 19.783003733
2443, 20.6090918937
2444, 22.2480821235
2445, 21.3651946221
2446, 21.4457178116
2447, 22.0982814818
2448, 21.0238456118
2449, 21.5857828019
2450, 20.4911830697
2451, 18.0689146759
2452, 14.7604552226
2453, 13.2521190052
2454, 9.96560027884
2455, 9.03329419231
2456, 7.12296758088
2457, 5.5360084709
2458, 4.7325572637
2459, 2.80417904927
2460, 2.21161531741
2461, 2.19142300554
2462, 2.2113991707
2463, 2.81593684757
2464, 2.98674463214
2465, 2.86451576105
2466, 2.98511422329
2467, 3.38677403297
2468, 4.17998884589
2469, 4.25031394841
2470, 4.25052611059
2471, 3.86907579652
2472, 3.65809868267
2473, 3.47506797264
2474, 3.14355186035
2475, 4.10756429445
2476, 4.01736367651
2477, 3.93709597305
2478, 3.56548743301
2479, 4.81070254438
2480, 5.22255966564
2481, 5.53405525235
2482, 5.6547222684
2483, 6.68904154907
2484, 6.83970639828
2485, 6.4178002407
2486, 7.42605149498
2487, 7.63719286187
2488, 8.35004680637
2489, 9.85596349144
2490, 10.6999983751
2491, 13.4315787519
2492, 15.5108239209
2493, 15.8228065358
2494, 16.9077509925
2495, 20.312048401
2496, 25.5957593541
2497, 26.5806537608
2498, 27.0636080236
2499, 25.7390232
2500, 26.000659084
2501, 24.5632763367
2502, 24.4919819367
2503, 23.7289796409
2504, 23.2672572954
2505, 21.8508011033
2506, 16.5621055753
2507, 18.3691588284
2508, 17.3552275946
2509, 16.5724880732
2510, 15.2972864085
2511, 13.6905838582
2512, 11.2495320537
2513, 10.2447417126
2514, 9.31056283183
2515, 6.78949685629
2516, 5.53402950062
2517, 2.14931143064
2518, 1.72741948216
2519, 1.26534454781
2520, 1.01434330733
2521, 1.05461363816
2522, 1.21534788083
2523, 1.66721301953
2524, 1.93026656336
2525, 1.91025874134
2526, 1.93046048619
2527, 2.62332554966
2528, 3.45665392327
2529, 3.73782477493
2530, 4.16989543612
2531, 5.2647627121
2532, 5.45584637132
2533, 4.99393400467
2534, 5.20278023703
2535, 5.49410394517
2536, 5.91572691738
2537, 6.09618281852
2538, 5.52383285088
2539, 6.2769377673
2540, 8.56837931407
2541, 8.16711018042
2542, 9.87447842544
2543, 11.6544374171
2544, 11.956328155
2545, 14.2557023579
2546, 15.450944023
2547, 17.5215933999
2548, 17.602355822
2549, 16.2874255314
2550, 13.6041342916
2551, 13.8287248929
2552, 13.0545238677
2553, 11.7666483772
2554, 11.6563407491
2555, 10.0094062933
2556, 9.14775749235
2557, 7.77939610233
2558, 7.51847643996
2559, 7.4585860487
2560, 7.34831537647
2561, 6.42041728367
2562, 5.09434774706
2563, 4.55171647517
2564, 3.90888967073
2565, 2.96482871232
2566, 2.36017526568
2567, 0.703012419942
2568, 0.371610505491
2569, 0.602560759927
2570, 2.12881356093
2571, 2.23946377129
2572, 2.52282892726
2573, 2.79426220255
2574, 2.92508502508
2575, 3.52736469548
2576, 4.57146340339
2577, 5.08379227242
2578, 5.33510336701
2579, 5.41568704377
2580, 4.54195043341
2581, 5.38529517788
2582, 7.43155759987
2583, 8.79751183423
2584, 12.975083748
2585, 18.3698521452
2586, 19.2448078273
2587, 21.3767472974
2588, 22.4125023246
2589, 22.6944544148
2590, 25.2741428409
2591, 26.2999293456
2592, 28.6591616379
2593, 27.7560045814
2594, 23.9808187524
2595, 18.4553762103
2596, 16.8183359792
2597, 16.2144550263
2598, 17.2901439406
2599, 17.7243107205
2600, 15.8063509945
2601, 14.3889442338
2602, 10.2953619136
2603, 10.0038246132
2604, 9.5116067259
2605, 9.17000392884
2606, 8.67779441087
2607, 6.62684825881
2608, 4.26450442012
2609, 3.38862875343
2610, 3.34808674924
2611, 2.90630805155
2612, 2.33009190801
2613, 1.90850525083
2614, 1.8484460013
2615, 1.79800136764
2616, 1.94840942695
2617, 1.92833909859
2618, 2.04886569145
2619, 3.13325066931
2620, 1.95831900623
2621, 1.95844902905
2622, 1.97875496226
2623, 3.28426742337
2624, 4.53128931853
2625, 4.96319328368
2626, 7.0018217094
2627, 8.21946610277
2628, 12.4490470603
2629, 16.6905066917
2630, 17.8025283253
2631, 18.325989637
2632, 19.2610525247
2633, 18.5682995799
2634, 18.6472593342
2635, 19.8716155037
2636, 18.1343913922
2637, 17.258937777
2638, 13.4908249221
2639, 9.07759687655
2640, 8.74987099581
2641, 9.6333487696
2642, 9.98498589131
2643, 9.89502756494
2644, 8.99942550897
2645, 7.40273140752
2646, 6.97085238098
2647, 6.69939548628
2648, 7.13080990968
2649, 6.19674183719
2650, 5.31304157563
2651, 3.73637320372
2652, 2.41079713009
2653, 1.87834282005
2654, 1.54669164784
2655, 1.55668468887
2656, 1.71737402886
2657, 1.9081956513
2658, 1.74734240447
2659, 1.8378372868
2660, 2.38022115133
2661, 2.45073885698
2662, 3.54734782673
2663, 4.86278092691
2664, 5.03370420555
2665, 5.11426772724
2666, 6.31137242143
2667, 6.05053444433
2668, 6.03010203109
2669, 6.56229810213
2670, 7.09465924643
2671, 7.26547897601
2672, 6.74130443879
2673, 6.08855193373
2674, 7.24517962542
2675, 7.68703246184
2676, 7.21303021456
2677, 7.88618580007
2678, 7.43447820326
2679, 6.62101789605
2680, 5.61664097467
2681, 5.70688236768
2682, 5.15436660221
2683, 4.48136104638
2684, 3.05328680396
2685, 2.40050228234
2686, 1.52666609309
2687, 0.964125665254
2688, 0.783302443756
2689, 1.26530685824
2690, 1.64694447933
2691, 1.39599954826
2692, 2.38013521798
2693, 2.41050065909
2694, 3.43475196155
2695, 5.82852318794
2696, 6.79297666049
2697, 7.31555133605
2698, 7.78800809676
2699, 7.89887151545
2700, 8.12956882562
2701, 8.86238126144
2702, 9.02291027006
2703, 9.14368721774
2704, 9.04322469853
2705, 8.00464813652
2706, 9.07900654818
2707, 9.42050225532
2708, 9.86266662355
2709, 9.5518802048
2710, 9.0198522284
2711, 8.20617869054
2712, 7.04090767832
2713, 6.89002603597
2714, 6.0261159757
2715, 4.99148897249
2716, 3.74587997788
2717, 4.37836940205
2718, 3.71577259924
2719, 4.14789751103
2720, 4.74072233913
2721, 5.20293624299
2722, 7.03030362505
2723, 8.69926225372
2724, 9.97491810799
2725, 11.6320843782
2726, 11.4921065472
2727, 10.6486908948
2728, 10.759168917
2729, 10.8193834414
2730, 11.351231555
2731, 12.7066914157
2732, 12.0539476463
2733, 10.5961330687
2734, 9.26081873911
2735, 7.29244805045
2736, 6.60923524684
2737, 5.88569494924
2738, 5.32309709585
2739, 5.25259012245
2740, 5.81460298917
2741, 5.38267167985
2742, 7.1841072008
2743, 8.55055507425
2744, 9.87694935452
2745, 12.1468020034
2746, 13.7540040046
2747, 17.3929755764
2748, 20.8495466263
2749, 22.5976037415
2750, 24.6765594806
2751, 24.1253336929
2752, 22.4565197846
2753, 21.1108095686
2754, 19.9156860932
2755, 19.0107886927
2756, 18.4177213953
2757, 15.3122310448
2758, 11.8856290581
2759, 9.44546909118
2760, 5.52849810109
2761, 4.70465184902
2762, 3.41685484887
2763, 3.20586450578
2764, 3.67775692656
2765, 2.58300807853
2766, 1.83983315688
2767, 2.12903029774
2768, 2.6313442766
2769, 3.00501005184
2770, 4.65183859476
2771, 6.09809926708
2772, 7.40377890414
2773, 10.358151134
2774, 10.9814128101
2775, 11.3234185452
2776, 11.1229784105
2777, 10.2796551401
2778, 9.77711864226
2779, 9.62391924727
2780, 8.27778396199
2781, 6.87167040345
2782, 5.55605844092
2783, 2.58129727122
2784, 1.37609525
2785, 0.743272946425
2786, 0.682962381497
2787, 0.70303835667
2788, 0.994222044522
2789, 2.84168311833
2790, 3.09293826715
2791, 3.444769397
2792, 4.90113109674
2793, 5.14271989053
2794, 6.23715473669
2795, 9.42010655532
2796, 11.5996534177
2797, 13.7389822074
2798, 17.2762003497
2799, 18.6867055349
2800, 20.8603154614
2801, 20.5398783556
2802, 19.1647919074
2803, 19.2049754124
2804, 18.3907591514
2805, 15.6479122451
2806, 13.9301112959
2807, 12.0320405858
2808, 8.89643390254
2809, 5.72883979156
2810, 3.71608865393
2811, 5.21227797046
2812, 6.0058309593
2813, 6.84951521192
2814, 8.06482107323
2815, 10.1557186368
2816, 11.4814422123
2817, 11.2410294961
2818, 10.5184824241
2819, 10.2877455002
2820, 9.99604823786
2821, 8.99094217438
2822, 8.65924648969
2823, 7.86596915007
2824, 6.57056571101
2825, 4.41931252721
2826, 3.00313422752
2827, 3.4870756168
2828, 4.15988966445
2829, 4.86291892127
2830, 7.05189071336
2831, 8.02817971926
2832, 9.35405426931
2833, 11.342819217
2834, 12.3478303751
2835, 12.4807235268
2836, 12.1194146034
2837, 11.5952936343
2838, 10.9320680564
2839, 10.1683248447
2840, 8.68133085584
2841, 7.62473317489
2842, 6.61032523791
2843, 4.71430306333
2844, 3.69022388267
2845, 3.36689995691
2846, 3.67816325684
2847, 4.07975664944
2848, 5.0938358728
2849, 5.92737833715
2850, 6.04785685915
2851, 8.21890603568
2852, 10.0668490485
2853, 13.2122566818
2854, 14.9303301964
2855, 14.8411914824
2856, 14.5104160058
2857, 14.1187729542
2858, 13.0936995059
2859, 12.2994700089
2860, 11.0739053207
2861, 8.41041437466
2862, 5.70872096182
2863, 2.13931551502
2864, 0.220974731409
2865, 0.160685670064
2866, 0.371545130428
2867, 0.582430247786
2868, 0.612618685224
2869, 0.612673516547
2870, 0.68302501199
2871, 0.833655517221
2872, 1.51639816304
2873, 2.07877757705
2874, 3.4344642258
2875, 4.22802984462
2876, 5.0919299336
2877, 7.03211643179
2878, 8.6392066534
2879, 11.3306100553
2880, 11.6124952129
2881, 11.5931259353
2882, 10.9405389688
2883, 10.4382944488
2884, 9.0818358739
2885, 8.23776226043
2886, 7.20323958133
2887, 5.17242621327
2888, 3.72611382748
2889, 1.24529610289
2890, 1.12479041918
2891, 4.00653467418
2892, 6.09546433175
2893, 8.52603232657
2894, 9.80225704638
2895, 12.2132632158
2896, 14.6036129345
2897, 16.5519301832
2898, 16.6949234571
2899, 16.6251077501
2900, 16.615245449
2901, 13.6320078852
2902, 11.5022225117
2903, 9.01114957557
2904, 7.73561392325
2905, 5.33514776298
2906, 2.93470634499
2907, 0.875760744996
2908, 1.36568489665
2909, 1.98826351229
2910, 2.20932205703
2911, 2.45059133999
2912, 3.5453541124
2913, 4.75046605724
2914, 5.32295867333
2915, 5.39350492622
2916, 5.48421061539
2917, 5.68512288594
2918, 5.01195687602
2919, 4.18819748483
2920, 3.72618452999
2921, 3.45505391225
2922, 2.38038295606
2923, 1.2454028811
2924, 0.682947038733
2925, 0.632736198325
2926, 0.833535027286
2927, 1.21507177084
2928, 1.79750318429
2929, 2.17927075433
2930, 2.42054060152
2931, 2.44086233969
2932, 2.50116962379
2933, 2.55125893543
2934, 2.6013617633
2935, 2.58122605447
2936, 2.26988340269
2937, 1.66728949335
2938, 0.944129953979
2939, 0.552406903204
2940, 0.401719287772
2941, 0.512172734322
2942, 0.52222123386
2943, 0.461984852749
2944, 0.622671064797
2945, 0.853661472161
2946, 1.03442295464
2947, 1.09473653099
2948, 1.19522546137
2949, 1.31576178941
2950, 1.24545185918
2951, 1.11486649265
2952, 1.06464030396
2953, 1.00438388199
2954, 0.783400075624
2955, 0.642746273896
2956, 0.552362733871
2957, 0.582489816465
2958, 0.612615346855
2959, 1.11465500157
2960, 1.44610806613
2961, 1.79767161436
2962, 2.01873916729
2963, 2.42056836242
2964, 2.57125994409
2965, 2.47084879863
2966, 2.39051461119
2967, 2.35032768698
2968, 2.2397776088
2969, 1.72747528937
2970, 1.45628729785
2971, 1.12488274914
2972, 0.863776358891
2973, 0.532336707395
2974, 0.411807695471
2975, 0.421836778622
2976, 0.502158234203
2977, 0.753188654416
2978, 0.753231024234
2979, 6.84784749267
2980, 6.84784749267
2981, 6.84784749267
2982, 6.84784749267
2983, 6.84784749267
2984, 6.84784749267
