0, 33.4901868762
1, 33.4901868762
2, 33.4901868762
3, 33.4901868762
4, 33.4901868762
5, 0.140588566405
6, 0.15064638998
7, 0.140619182953
8, 0.150675117689
9, 0.150673171313
10, 0.180784275067
11, 0.210906292572
12, 0.291239135226
13, 0.984054951516
14, 0.923908708904
15, 0.893889072385
16, 9.87427543259
17, 10.0563111831
18, 10.057494724
19, 10.5407303489
20, 10.5221773622
21, 10.4907149681
22, 10.4391764851
23, 9.78644197849
24, 9.78644094937
25, 10.1880601066
26, 1.19513562824
27, 1.03449555828
28, 1.02450720247
29, 0.572595792296
30, 0.863714958273
31, 0.873743494671
32, 0.843660209809
33, 0.783448523154
34, 0.793536847887
35, 0.401779393032
36, 0.482061889004
37, 0.461987767067
38, 0.472048234126
39, 0.451976475622
40, 0.160720447016
41, 0.210910781982
42, 0.251072476602
43, 0.281209230993
44, 1.1748418253
45, 3.98833543628
46, 5.53508106239
47, 5.53582810847
48, 5.55670351238
49, 5.62754164324
50, 5.76779536637
51, 6.0281901891
52, 9.46392035242
53, 10.6813692018
54, 10.0593287381
55, 7.41658253726
56, 5.98102257078
57, 6.1413621716
58, 7.00423074788
59, 7.08453147705
60, 7.26538620542
61, 7.47634722154
62, 4.0296309395
63, 4.04737260613
64, 4.77036603691
65, 4.97343921567
66, 5.35519287627
67, 5.83750433579
68, 5.67679798039
69, 5.94784279968
70, 5.62659464257
71, 5.19483204418
72, 5.22496932114
73, 4.2103773012
74, 3.70793619224
75, 4.28827164749
76, 4.28028542312
77, 3.72816943082
78, 3.05550387692
79, 2.67397720574
80, 3.60960584367
81, 4.37259266381
82, 4.43299798478
83, 4.31271556788
84, 4.20242918625
85, 3.41904198908
86, 3.07535277638
87, 3.03515522989
88, 3.01516139268
89, 3.08543932374
90, 2.18956411409
91, 1.33583192967
92, 2.8237662396
93, 3.6974979406
94, 3.76801801864
95, 3.86879422566
96, 3.66842224755
97, 3.81903152137
98, 4.08986319828
99, 4.06965418789
100, 4.13991909985
101, 4.30065102538
102, 2.87252031887
103, 3.42446285346
104, 3.36430186347
105, 3.2139059605
106, 3.49533760594
107, 3.29478092633
108, 3.30458521125
109, 4.28833445758
110, 5.54553122281
111, 5.98760466313
112, 6.14866232343
113, 4.70281375758
114, 4.80523798917
115, 4.91549626738
116, 5.24662879266
117, 5.4776480999
118, 5.55807047345
119, 5.73864152461
120, 4.59187317758
121, 4.14004032999
122, 3.99955167655
123, 4.49170655963
124, 5.00156497427
125, 5.66421125581
126, 5.80493602348
127, 6.12660584401
128, 6.0565722258
129, 5.32336675721
130, 5.29321093106
131, 5.48392952933
132, 5.46380857217
133, 5.54402454508
134, 4.93132586095
135, 4.29864672385
136, 3.9973476057
137, 3.65599682971
138, 3.41499733985
139, 3.11361691674
140, 3.29434437215
141, 3.88666184371
142, 4.56950510152
143, 5.21220870423
144, 6.15637128058
145, 7.20107580961
146, 9.2015077542
147, 10.7784847629
148, 12.237010597
149, 12.6853205925
150, 12.3444111057
151, 11.7819065722
152, 11.8115443413
153, 12.945547944
154, 12.1822764463
155, 11.1984547418
156, 9.15809149554
157, 8.09562958119
158, 7.01860301025
159, 6.41989554749
160, 6.63088003203
161, 6.65296787605
162, 5.81934479914
163, 3.39875509809
164, 3.14760698517
165, 2.88653142461
166, 2.81609799724
167, 3.30594201771
168, 3.06511731185
169, 3.00506896875
170, 2.8646443375
171, 2.92296980878
172, 3.28428546683
173, 4.75013331182
174, 5.74436266025
175, 7.58229977752
176, 8.14512980771
177, 7.76392502693
178, 8.49727074664
179, 9.8228937196
180, 10.4956879431
181, 10.1844536142
182, 9.99578384651
183, 9.1319726115
184, 7.95677359448
185, 6.23911290272
186, 5.74690839137
187, 5.234757551
188, 4.32080918317
189, 3.42880842361
190, 3.14757677113
191, 3.03718531211
192, 3.607494946
193, 3.68783826214
194, 4.00931896357
195, 3.96924773514
196, 3.77859714193
197, 3.85893865792
198, 4.33079298694
199, 4.59979105321
200, 6.3770224264
201, 9.39975011656
202, 9.96262400268
203, 9.97335087673
204, 10.3858097035
205, 10.8079233174
206, 11.2393099678
207, 11.5301340056
208, 11.0280855905
209, 10.5861732806
210, 8.7581582748
211, 6.17684038917
212, 4.93136928359
213, 4.41922173991
214, 3.77651478579
215, 3.89688261255
216, 3.32440812396
217, 2.92267179118
218, 3.54534057901
219, 3.68601794437
220, 3.57550301233
221, 4.02732164878
222, 4.6802136189
223, 4.76068823732
224, 4.76080603069
225, 4.63227891906
226, 4.74278547957
227, 4.7627165559
228, 4.96338353587
229, 5.24460925207
230, 6.10818555234
231, 6.38937488373
232, 6.21895489141
233, 6.21923814224
234, 5.98850208953
235, 5.43415625098
236, 5.5644042713
237, 5.76495876771
238, 5.81491669824
239, 8.57610760511
240, 8.32546875311
241, 7.63307236238
242, 7.5332272309
243, 7.37310842834
244, 7.60367969604
245, 8.72777339519
246, 9.21976078038
247, 8.94871970589
248, 8.7479388767
249, 5.69494185694
250, 4.87143851198
251, 4.65032966186
252, 5.11212680877
253, 5.85521781028
254, 7.60238541958
255, 7.76321122771
256, 8.97046881905
257, 10.6378527723
258, 11.7127788465
259, 12.9683246535
260, 13.2199006572
261, 14.4772384108
262, 14.1157003563
263, 13.7038422045
264, 12.0364515568
265, 11.0723374935
266, 9.61388572188
267, 8.20754784292
268, 7.3637201398
269, 6.36943440578
270, 6.81141645661
271, 6.20682661852
272, 5.63466344943
273, 5.4640081589
274, 5.58448359211
275, 6.42783620585
276, 6.38751035186
277, 6.55829358675
278, 9.51033147235
279, 9.3803885232
280, 8.72807021908
281, 8.40702121412
282, 11.0182139282
283, 12.2850752064
284, 15.3694556339
285, 14.9585632266
286, 16.77691408
287, 22.5828465979
288, 19.9522914528
289, 20.9188113453
290, 21.8034541954
291, 22.2964001896
292, 20.7386874832
293, 20.2036367058
294, 17.6806769475
295, 17.5401763016
296, 15.6139487885
297, 9.33484065945
298, 8.54132105158
299, 7.71552182461
300, 7.80560015675
301, 6.78132908764
302, 5.70692831201
303, 4.76302751847
304, 3.82899095972
305, 3.8185228404
306, 4.39870037002
307, 5.28246409712
308, 5.39317108645
309, 6.04607767361
310, 5.32524863822
311, 5.42587794888
312, 6.51030131232
313, 9.87804035785
314, 11.1034181353
315, 13.9654107417
316, 16.0247175033
317, 18.2147226824
318, 19.8119271521
319, 20.6861287215
320, 22.3034421968
321, 23.0267723846
322, 24.412237522
323, 22.0982593895
324, 22.3693328969
325, 20.0693016096
326, 17.8298703624
327, 15.1783705432
328, 13.3102773414
329, 12.6469753263
330, 11.5098778139
331, 10.7868863208
332, 8.31638468952
333, 7.41268146519
334, 5.92613435936
335, 4.75073767461
336, 4.30860044986
337, 5.66399108351
338, 6.0156419035
339, 5.011525899
340, 4.80092075482
341, 5.36366109665
342, 5.56448243941
343, 9.47011001133
344, 13.3162808151
345, 14.0001443932
346, 21.7444349021
347, 26.5334229712
348, 29.9912580467
349, 37.0211456265
350, 41.9641994263
351, 48.1612272916
352, 56.4217798154
353, 59.5779127449
354, 56.8180123162
355, 60.0324893923
356, 55.2902340227
357, 51.0632946747
358, 49.1837866844
359, 42.9369255448
360, 38.5984682745
361, 32.6223160913
362, 25.8565522323
363, 19.7377596755
364, 20.1593978689
365, 17.8011079887
366, 15.5917294383
367, 13.6736270847
368, 12.5769145014
369, 12.9884491547
370, 12.5464932606
371, 11.5724987417
372, 9.97584297488
373, 8.901317962
374, 7.35430868025
375, 5.9056746373
376, 6.6583174471
377, 6.99981575673
378, 6.29704739082
379, 5.46364453177
380, 5.57445588108
381, 5.8356647132
382, 7.8737936444
383, 8.03482979615
384, 9.35051433234
385, 20.5461247891
386, 23.864823278
387, 30.3850727625
388, 38.9328475053
389, 47.361304304
390, 52.5866097258
391, 60.115046977
392, 60.0570641355
393, 60.7812913684
394, 64.517903692
395, 55.5182584817
396, 52.9338033411
397, 47.8613348023
398, 40.8719478802
399, 34.4256009626
400, 30.014370383
401, 24.8779977531
402, 23.6148654348
403, 23.9665782314
404, 20.7101676992
405, 19.6374105236
406, 18.3395096202
407, 17.3531888072
408, 17.2929348586
409, 14.5192830335
410, 12.7820060564
411, 10.168828375
412, 9.433563736
413, 8.6294805616
414, 10.3054999791
415, 10.5146096933
416, 9.41052952688
417, 8.41690897304
418, 7.82471768779
419, 8.14585464322
420, 8.66755726307
421, 13.9510398771
422, 25.2276592918
423, 49.333145645
424, 75.985268516
425, 87.3467210901
426, 100.008490688
427, 107.610551056
428, 112.809180672
429, 126.152647132
430, 132.969770114
431, 129.975828045
432, 119.250746394
433, 100.101887133
434, 73.3544059831
435, 63.6741301336
436, 54.7266144141
437, 48.6798836257
438, 43.1727592658
439, 31.1381862616
440, 24.0978957149
441, 23.6872391339
442, 24.0584477169
443, 22.456596723
444, 20.7091289456
445, 18.3496420974
446, 14.9334232062
447, 13.1161014259
448, 12.1315517188
449, 10.7046574253
450, 10.694372657
451, 8.90454696844
452, 8.19140783751
453, 6.82896948994
454, 5.34288715923
455, 4.64017764142
456, 4.41951372638
457, 5.52435746717
458, 6.01813184588
459, 5.88741028373
460, 9.51625741294
461, 19.2221797248
462, 36.9213707906
463, 41.4249872752
464, 47.8584692504
465, 62.4530206071
466, 69.9679990917
467, 77.0611756059
468, 86.4307155145
469, 91.6859953215
470, 88.9815058855
471, 85.9007558097
472, 73.8920882454
473, 69.7614906978
474, 65.4504155801
475, 54.4233367028
476, 49.8736685872
477, 42.8587862388
478, 34.6127590699
479, 30.886921368
480, 31.4391607478
481, 26.794198207
482, 21.6821348791
483, 19.8644559862
484, 18.0468263762
485, 14.5317125587
486, 11.257328086
487, 10.2727814792
488, 8.66368548168
489, 6.9460906666
490, 5.38925578459
491, 5.10166107844
492, 4.28834180856
493, 5.28231108877
494, 5.70447831504
495, 5.76538102018
496, 15.4868470714
497, 26.2919898537
498, 41.9801634802
499, 57.1422034526
500, 67.2202768534
501, 76.9070316894
502, 88.1912061922
503, 92.9749434056
504, 105.036734036
505, 108.316494305
506, 101.536231824
507, 95.238091822
508, 85.1015452391
509, 74.0559819765
510, 66.9945863149
511, 61.3641850989
512, 52.5830221073
513, 47.8205423791
514, 36.3408552395
515, 35.0213292971
516, 35.0102962256
517, 30.7415973335
518, 26.693962261
519, 23.8357152214
520, 20.8330713189
521, 15.0819417182
522, 12.771814221
523, 10.9739327321
524, 10.0575728572
525, 7.93835197871
526, 5.18646627605
527, 4.91533010348
528, 4.35270384029
529, 3.6455807911
530, 5.28234532261
531, 5.91537621444
532, 5.72506176096
533, 9.09891764163
534, 21.6601225465
535, 39.952109297
536, 50.4409692861
537, 61.9177720988
538, 74.4053915135
539, 86.6421139485
540, 92.9392934194
541, 97.178696786
542, 100.787924331
543, 101.058746013
544, 92.0076686451
545, 77.6978963109
546, 70.2230179904
547, 61.4009943235
548, 51.0964053225
549, 40.4785106058
550, 34.1911652144
551, 33.9492024818
552, 32.8023172917
553, 30.3921795588
554, 26.7771668977
555, 23.7345259043
556, 21.5847069175
557, 18.7016717048
558, 15.5678682046
559, 13.4386910432
560, 11.7412866124
561, 7.02053329766
562, 4.61999276824
563, 3.62556709708
564, 3.19383329254
565, 2.26989396709
566, 2.79176287748
567, 4.62945507272
568, 10.3268266976
569, 19.9609173674
570, 21.3190057036
571, 27.7896648903
572, 43.3675582404
573, 54.451794171
574, 63.784156797
575, 72.0944403765
576, 81.5798716762
577, 88.511871931
578, 87.1521578378
579, 82.197073224
580, 85.1523551312
581, 83.3517373893
582, 70.635375349
583, 62.3470482034
584, 55.6161549842
585, 51.2347409487
586, 44.462641465
587, 38.3543034267
588, 37.1592819899
589, 35.1510250236
590, 31.9758232955
591, 28.5407833231
592, 26.5802821075
593, 24.0251301046
594, 21.9357112925
595, 18.1090041729
596, 13.8907017684
597, 11.5804573217
598, 8.71784303989
599, 6.14658555525
600, 4.81088360077
601, 4.13790317288
602, 3.42478611905
603, 2.97474053948
604, 3.12530429967
605, 8.21010978662
606, 8.30126042082
607, 7.92036825363
608, 7.62995777141
609, 8.61461372079
610, 10.4532921716
611, 10.5430933799
612, 11.6781289706
613, 13.1848654994
614, 12.8640628974
615, 9.96899101437
616, 11.0357216681
617, 13.686963773
618, 17.5349313847
619, 16.7746405336
620, 14.9756479969
621, 14.74506015
622, 15.0459957904
623, 20.5049813283
624, 24.9435432287
625, 26.3686543065
626, 25.8366923958
627, 26.2718104988
628, 22.7147661926
629, 22.6517712408
630, 24.0669070572
631, 23.7456773712
632, 23.6847079378
633, 18.2305107338
634, 15.3380715698
635, 13.8956610212
636, 14.9004291966
637, 13.0428364251
638, 13.9971424348
639, 14.6300288234
640, 13.7461604338
641, 13.7461441772
642, 13.0127118903
643, 13.024187734
644, 12.3711683703
645, 10.2684350506
646, 8.6318563113
647, 7.57559245926
648, 6.40030554256
649, 5.4859424918
650, 5.04384352824
651, 5.26475532036
652, 5.28460652739
653, 4.11754213132
654, 3.9467282665
655, 3.80653848128
656, 3.74662215215
657, 3.50565102245
658, 4.02767018413
659, 5.38297239385
660, 6.43731311679
661, 7.01193903364
662, 7.12270483097
663, 7.16324915612
664, 7.14315448309
665, 7.70559143034
666, 8.04717618528
667, 8.0874605729
668, 7.71583974187
669, 6.62092632979
670, 5.50595157138
671, 4.98156162053
672, 3.95719289107
673, 4.57958593574
674, 5.03128434292
675, 5.01145065569
676, 9.20071505946
677, 22.8469747306
678, 33.4423689012
679, 41.7697281171
680, 41.855220961
681, 42.0501538237
682, 47.8859928425
683, 48.4282842121
684, 48.5084694549
685, 50.4283961537
686, 50.0373618402
687, 40.1859879432
688, 39.8215238611
689, 35.785108895
690, 37.9064066475
691, 40.0370183981
692, 35.9104306462
693, 38.8210963123
694, 38.6613594433
695, 36.6210495369
696, 33.4958247325
697, 31.5574480582
698, 21.9053856815
699, 17.6966905993
700, 15.5577422823
701, 13.0069205153
702, 11.4278430417
703, 6.78544114042
704, 5.35523821766
705, 5.73668286601
706, 5.38510054114
707, 4.55941497951
708, 5.13183095699
709, 5.17243823006
710, 5.03221555994
711, 4.85163361792
712, 5.39378499823
713, 6.72892642056
714, 8.43587841464
715, 9.32170784017
716, 9.9549147642
717, 10.3670815801
718, 10.3772856902
719, 12.2189405828
720, 13.6350849545
721, 14.1275912737
722, 13.5354022642
723, 12.0491813943
724, 10.3114166355
725, 8.63170246793
726, 10.277755709
727, 12.0467912244
728, 13.4629763189
729, 18.0381736181
730, 22.2872258951
731, 29.4441388404
732, 37.2700891107
733, 41.3216316497
734, 45.8742818849
735, 60.035286082
736, 70.8807256203
737, 74.8185896374
738, 72.1610814825
739, 67.06261823
740, 72.1240761064
741, 77.2611987573
742, 78.566546939
743, 78.266222484
744, 78.8024443417
745, 69.0214757541
746, 60.1551994179
747, 54.1059501803
748, 55.4819913738
749, 56.5705188452
750, 48.2218596321
751, 36.0326405452
752, 28.7868606238
753, 26.4671555662
754, 23.6124843311
755, 21.1392825088
756, 17.0781804357
757, 16.2551034981
758, 14.8894418412
759, 12.2338902973
760, 10.1543785781
761, 9.68202693448
762, 8.49658785479
763, 7.57261623903
764, 6.15645176767
765, 4.88302023915
766, 4.61202388133
767, 5.27484575569
768, 6.06825367685
769, 7.71514720783
770, 8.89021582669
771, 10.0554611374
772, 10.8690743231
773, 11.1105226767
774, 11.7431964839
775, 12.8577781722
776, 13.3600570373
777, 12.9986154339
778, 12.1553202971
779, 10.3878765831
780, 8.97151659792
781, 7.80611898542
782, 8.95006564326
783, 11.9844169193
784, 16.0734508754
785, 18.7956623931
786, 27.3563006917
787, 35.5140231685
788, 43.6620142492
789, 49.4886754164
790, 57.4963424548
791, 69.9912537776
792, 82.0152530806
793, 85.5197473634
794, 80.0382018436
795, 77.6686060912
796, 77.4455210266
797, 80.3170908716
798, 81.5496747422
799, 81.5858856469
800, 83.7836115781
801, 75.03627366
802, 62.0867265149
803, 56.7129279055
804, 59.605141494
805, 63.3187162285
806, 57.2672854326
807, 47.790881872
808, 42.3959269409
809, 39.463942714
810, 33.6017744663
811, 33.2799555718
812, 33.664320834
813, 32.6908508996
814, 29.7588025117
815, 24.4656828366
816, 21.6928886588
817, 19.8643607425
818, 15.9069303845
819, 14.647189813
820, 10.8187671735
821, 7.82582409598
822, 6.397712545
823, 7.89396467475
824, 8.83812544337
825, 8.31619787681
826, 8.4671101514
827, 10.0076295124
828, 11.6040355321
829, 12.3968830848
830, 13.2510374102
831, 14.3764305307
832, 16.2243258842
833, 17.1780971509
834, 19.9215718088
835, 25.7581794079
836, 27.1252990541
837, 25.8271197492
838, 24.4721107966
839, 22.0820330281
840, 20.7251759726
841, 19.1774221624
842, 19.7908772421
843, 21.4891476225
844, 24.8246713926
845, 23.2468097294
846, 30.6228250246
847, 40.9736026997
848, 47.7160364451
849, 57.0766704254
850, 70.4263637917
851, 86.6899421132
852, 100.028469999
853, 100.855753366
854, 101.296872926
855, 116.617058745
856, 121.645386039
857, 121.820864397
858, 121.91759585
859, 115.585262043
860, 107.682749188
861, 95.5438214775
862, 84.5938435314
863, 83.8331084347
864, 82.5775520101
865, 68.7819643706
866, 55.9055540194
867, 45.1782490624
868, 39.3772969041
869, 38.0808878993
870, 35.5239865574
871, 36.4020920876
872, 34.8114551206
873, 30.5485719028
874, 24.5037551362
875, 18.9002484555
876, 17.3330141815
877, 16.9702602934
878, 15.5534936361
879, 14.8902262807
880, 12.3291419612
881, 7.42203790681
882, 3.62568432446
883, 2.84256233912
884, 2.71197935978
885, 3.54713407285
886, 5.17379507164
887, 6.41916235216
888, 12.9018512323
889, 12.9531980386
890, 12.6331865942
891, 14.1100221835
892, 15.0969192554
893, 16.0300761308
894, 18.4191887036
895, 21.1507278376
896, 21.0608472001
897, 21.483037004
898, 15.8836087756
899, 15.6429441055
900, 16.787383701
901, 16.6080031008
902, 15.441125231
903, 14.4168948276
904, 12.0467866009
905, 10.3166689723
906, 11.711755607
907, 15.2460636086
908, 19.2353788714
909, 25.0909652373
910, 36.9832073174
911, 51.6194226877
912, 63.8855741051
913, 75.9498167887
914, 81.2332623307
915, 85.6162174205
916, 84.5821149346
917, 89.8253911516
918, 102.426839146
919, 114.319694552
920, 113.61638146
921, 102.498215381
922, 92.8497466264
923, 87.9379988753
924, 87.5715631617
925, 85.3188125918
926, 88.3749741568
927, 84.2635588972
928, 72.5286657645
929, 55.6020310327
930, 44.8884591076
931, 43.783512801
932, 43.3411989224
933, 39.8565639997
934, 42.6832290943
935, 40.99534279
936, 36.2723578816
937, 30.2072039917
938, 24.8144956238
939, 23.1660663812
940, 21.7264241574
941, 17.7991964963
942, 15.6599500435
943, 12.7351110557
944, 5.06184557016
945, 2.82213282133
946, 3.01296672217
947, 3.69589131439
948, 4.68993563519
949, 5.75651106644
950, 7.81529949642
951, 8.65943454544
952, 9.0214885749
953, 10.5397528371
954, 11.465930454
955, 12.69294154
956, 14.3799323324
957, 15.6154973848
958, 15.7361799748
959, 15.885046809
960, 14.9613267684
961, 14.6301318467
962, 14.7203979014
963, 12.8703030948
964, 12.1551728452
965, 10.6465483738
966, 8.55738565062
967, 8.48642881884
968, 11.7895633429
969, 16.3906151448
970, 21.3119062596
971, 27.5095622557
972, 40.9669408814
973, 55.3787889496
974, 63.7287580569
975, 73.3783363043
976, 80.3516027294
977, 80.7092169581
978, 83.1012548732
979, 85.1261990656
980, 90.0692813848
981, 93.4205324567
982, 83.3937459306
983, 73.9567246884
984, 72.4504748237
985, 72.4848749368
986, 71.8647622609
987, 73.9928521487
988, 71.027674838
989, 69.5491539554
990, 61.7610285711
991, 52.0110880455
992, 50.3900553143
993, 49.212430227
994, 47.0213510544
995, 44.3981196951
996, 47.2719931618
997, 46.4687608732
998, 45.2894138648
999, 39.6187285035
1000, 37.9818747493
1001, 38.2016236437
1002, 36.8544903049
1003, 33.0073605985
1004, 28.0841853105
1005, 21.3930582488
1006, 12.4281124479
1007, 9.24404831112
1008, 6.53826102046
1009, 6.06630429287
1010, 4.45945300493
1011, 4.26864153573
1012, 5.04148376904
1013, 5.99549726034
1014, 8.77717349276
1015, 10.4345627029
1016, 11.5299734755
1017, 11.7012643134
1018, 11.4005472119
1019, 12.8965174405
1020, 16.0892375537
1021, 18.0474124165
1022, 18.6500556693
1023, 19.1249162969
1024, 18.8541897205
1025, 18.2416842746
1026, 16.8057868314
1027, 18.3419483656
1028, 19.9889506572
1029, 19.2355056438
1030, 16.1220851844
1031, 14.716356384
1032, 18.6477170255
1033, 24.4914453187
1034, 34.5791505234
1035, 44.2354138073
1036, 59.1449584762
1037, 71.2346300672
1038, 74.8443306962
1039, 81.0667928845
1040, 90.1280580277
1041, 102.14993198
1042, 108.122891508
1043, 107.977255304
1044, 110.060477355
1045, 102.386851207
1046, 98.1336357604
1047, 93.5423764077
1048, 95.6641633008
1049, 94.9383378007
1050, 89.2129915096
1051, 79.3694858566
1052, 76.0204066769
1053, 72.0670559251
1054, 60.5368702264
1055, 57.4045906276
1056, 49.7238597862
1057, 42.1741915664
1058, 37.4102561683
1059, 34.9265446279
1060, 37.2361681945
1061, 38.815324748
1062, 31.1594527295
1063, 29.0716606981
1064, 28.9030219295
1065, 29.3447884272
1066, 27.7047101738
1067, 26.1478744101
1068, 23.8182155928
1069, 19.7704404682
1070, 14.1758889921
1071, 9.50357381208
1072, 8.15952197381
1073, 7.16497782486
1074, 4.6319302182
1075, 4.79246251182
1076, 3.97897683488
1077, 3.49716272896
1078, 3.39692317458
1079, 3.73841450108
1080, 4.8226996135
1081, 5.98950497857
1082, 8.57831176174
1083, 8.8017838247
1084, 8.82249726963
1085, 9.91714049873
1086, 12.1966618259
1087, 15.4539718431
1088, 19.1295683683
1089, 21.1893855146
1090, 22.1945307431
1091, 25.1452577592
1092, 26.2398605082
1093, 26.2886296814
1094, 29.6929663352
1095, 31.1212784799
1096, 29.2536321664
1097, 28.6081806902
1098, 25.4452777149
1099, 23.4971751682
1100, 21.6185282846
1101, 20.5129172066
1102, 25.3555169166
1103, 32.095778874
1104, 36.4147121871
1105, 42.1788739107
1106, 59.8121834055
1107, 64.5248587695
1108, 72.1915251301
1109, 80.3786149244
1110, 94.6118317952
1111, 101.373769437
1112, 99.0741066107
1113, 99.3887081256
1114, 95.4054575574
1115, 89.8248403245
1116, 74.1696659272
1117, 72.2301108453
1118, 69.1737443522
1119, 64.6576361654
1120, 55.0259447034
1121, 50.4747531635
1122, 47.8218857635
1123, 42.5152480122
1124, 40.3061050142
1125, 39.9202100838
1126, 41.0942446626
1127, 38.510596472
1128, 36.6123246658
1129, 37.6126356303
1130, 37.0905482721
1131, 32.6905161777
1132, 29.1743094954
1133, 26.9251746051
1134, 26.0285937064
1135, 23.8276257291
1136, 22.3781763803
1137, 20.0886719143
1138, 16.8152478547
1139, 11.9545487104
1140, 7.48338249547
1141, 6.7598606045
1142, 7.58277355459
1143, 9.56081258744
1144, 9.04881414349
1145, 8.6393404989
1146, 6.51054033672
1147, 6.99272049854
1148, 8.38828117641
1149, 10.1956232999
1150, 12.6862507191
1151, 13.1992426501
1152, 13.80218864
1153, 14.6254658361
1154, 14.1639818397
1155, 20.1059564903
1156, 30.9949280412
1157, 38.8911818286
1158, 43.9644558231
1159, 45.1631415441
1160, 47.4652500147
1161, 48.570362539
1162, 47.1435231989
1163, 46.5293418536
1164, 49.4832565916
1165, 48.2200987107
1166, 41.3355444719
1167, 32.6377010885
1168, 26.2616016435
1169, 24.2231510381
1170, 24.7836661801
1171, 29.7528264779
1172, 35.7985126589
1173, 35.8909561433
1174, 38.9452454505
1175, 40.1567440585
1176, 55.4223491127
1177, 62.598150556
1178, 73.4786771947
1179, 76.5761583119
1180, 71.5407210489
1181, 65.9355956835
1182, 66.0949274893
1183, 64.4666836168
1184, 59.4015389416
1185, 59.4407416406
1186, 45.400036102
1187, 41.0873686809
1188, 33.534836918
1189, 30.9858300404
1190, 32.6414195153
1191, 34.4782777107
1192, 28.4402236839
1193, 29.6348826517
1194, 30.910056076
1195, 27.1554912158
1196, 23.0636617394
1197, 20.6136504938
1198, 21.9870378433
1199, 21.0956851996
1200, 19.4287853562
1201, 17.5407239187
1202, 20.5737235495
1203, 22.6313471525
1204, 24.9705114572
1205, 23.2324109109
1206, 22.1593323125
1207, 21.7785055592
1208, 17.1201015311
1209, 16.4441211094
1210, 16.14218817
1211, 15.870795988
1212, 13.1790371082
1213, 9.2621464888
1214, 4.72254260004
1215, 4.38107511781
1216, 4.81274505561
1217, 5.67620314642
1218, 6.30705325715
1219, 6.16692167948
1220, 7.14120357262
1221, 9.46062770447
1222, 8.87847524222
1223, 14.0897974827
1224, 24.9106713354
1225, 31.0317616227
1226, 34.3374628172
1227, 35.5455881425
1228, 37.1145792415
1229, 38.690799864
1230, 37.5949979673
1231, 36.7601351327
1232, 40.5274168118
1233, 37.8654954107
1234, 30.7803154865
1235, 25.26367672
1236, 21.6190816222
1237, 19.3997473821
1238, 19.2584256807
1239, 23.0328588779
1240, 28.3487784781
1241, 33.4303120388
1242, 32.6268090876
1243, 32.8897837899
1244, 37.187566154
1245, 47.785510902
1246, 52.9499338396
1247, 65.0715681295
1248, 66.7926256457
1249, 61.3222741147
1250, 57.6823685132
1251, 59.5659068739
1252, 63.4621964181
1253, 65.188383959
1254, 63.6907948882
1255, 56.9017808077
1256, 55.825376633
1257, 45.8640909369
1258, 45.2616158808
1259, 47.2021161996
1260, 47.2118277558
1261, 38.1445631407
1262, 34.668562025
1263, 31.1130047182
1264, 24.7052567605
1265, 20.2138743041
1266, 17.1006259784
1267, 16.2545336978
1268, 16.152985394
1269, 15.7697089264
1270, 16.3325822092
1271, 18.3837858187
1272, 19.3877362486
1273, 22.0890619499
1274, 23.9275008828
1275, 24.1796563006
1276, 24.0396694782
1277, 22.9550906316
1278, 19.6502861178
1279, 18.4043504433
1280, 16.0943068157
1281, 13.9930141532
1282, 9.65195897918
1283, 5.85543387383
1284, 4.65996433686
1285, 4.6919589643
1286, 4.23994530838
1287, 4.39081039974
1288, 4.45156034897
1289, 5.75699020467
1290, 11.1008253719
1291, 16.9491719562
1292, 24.0715163777
1293, 37.1591752859
1294, 43.9405915118
1295, 48.6110961616
1296, 49.7988256942
1297, 52.1605584431
1298, 55.3270050573
1299, 54.1607981329
1300, 52.118440758
1301, 51.3822282005
1302, 51.3189351626
1303, 42.0388480191
1304, 36.1369768683
1305, 31.3682478569
1306, 29.0991968208
1307, 27.792144182
1308, 28.1195454895
1309, 33.7643049274
1310, 37.7005869715
1311, 34.5168092321
1312, 33.6798037502
1313, 30.7270776109
1314, 33.59915257
1315, 36.5026606402
1316, 42.1082610666
1317, 40.843578109
1318, 38.7833752994
1319, 37.3747786872
1320, 41.2346946812
1321, 54.7517820547
1322, 54.1874686027
1323, 57.6784533036
1324, 57.2780380649
1325, 55.3593171399
1326, 51.0064309442
1327, 52.4206445844
1328, 51.2775757071
1329, 46.7073486774
1330, 37.3200015259
1331, 22.0218326313
1332, 16.7467091715
1333, 13.2211774706
1334, 10.7302766552
1335, 11.2219664809
1336, 13.2221303111
1337, 15.1644637409
1338, 17.3727079001
1339, 19.8660596717
1340, 19.7984306855
1341, 23.6045285239
1342, 24.7997965763
1343, 24.5671159831
1344, 25.6714515159
1345, 25.119368558
1346, 22.4759261433
1347, 18.6554506786
1348, 16.4161531268
1349, 14.3147854013
1350, 12.8359151369
1351, 8.88855177609
1352, 7.52265364617
1353, 7.09082168817
1354, 4.28863509792
1355, 2.89250079851
1356, 2.86230137363
1357, 4.71994805043
1358, 5.43305637574
1359, 5.09200777221
1360, 7.28131570722
1361, 16.0393791141
1362, 25.3281798351
1363, 32.9915914933
1364, 47.0845304001
1365, 58.546313723
1366, 67.8704054422
1367, 73.4298519016
1368, 75.7728468038
1369, 79.6620544301
1370, 78.0748273193
1371, 72.9286647594
1372, 68.0454437903
1373, 63.6998712369
1374, 53.5775022352
1375, 42.6716705659
1376, 34.0131018071
1377, 26.5570162231
1378, 23.1921263344
1379, 19.3425801397
1380, 19.0406946541
1381, 17.6437722357
1382, 13.1444622868
1383, 10.2181556007
1384, 9.79177146236
1385, 14.7725506772
1386, 28.2193566206
1387, 38.7950976797
1388, 39.5931796076
1389, 40.5129018618
1390, 42.0115755996
1391, 43.6264497729
1392, 55.5377603943
1393, 61.984717861
1394, 62.7922891775
1395, 66.491279052
1396, 54.5428159666
1397, 47.1127784547
1398, 49.632790221
1399, 49.1798165113
1400, 49.8654033066
1401, 47.3638687377
1402, 37.8503001632
1403, 32.0649482
1404, 28.7087837024
1405, 20.8928257596
1406, 21.1233818907
1407, 19.687080961
1408, 18.5319132365
1409, 19.7093717735
1410, 17.6070210873
1411, 16.9341317675
1412, 18.6102753719
1413, 24.6105717693
1414, 24.3102198434
1415, 24.42178499
1416, 22.9790104952
1417, 23.0176869179
1418, 21.9718926094
1419, 20.7561453865
1420, 20.5556059072
1421, 20.0334177398
1422, 17.0058788044
1423, 10.7724850054
1424, 10.9852374856
1425, 10.7541631751
1426, 10.0174350598
1427, 8.56147403045
1428, 7.61949680935
1429, 7.1354976202
1430, 6.97457617702
1431, 6.98432409197
1432, 6.24291288068
1433, 6.95558764558
1434, 9.85733785567
1435, 9.01431168033
1436, 12.3987218175
1437, 21.6876594697
1438, 33.0538772466
1439, 43.4224730238
1440, 57.2648801853
1441, 64.8031246094
1442, 68.731272979
1443, 70.6808859888
1444, 70.006247852
1445, 72.3266108812
1446, 70.3985437014
1447, 63.7188881209
1448, 53.9083793878
1449, 44.5841692326
1450, 31.7664845405
1451, 25.5474029169
1452, 24.6224666159
1453, 21.6999187969
1454, 18.6472197974
1455, 17.1790146722
1456, 19.4360217289
1457, 22.9817040267
1458, 22.8598643781
1459, 22.2188677873
1460, 22.9552370668
1461, 22.9755568908
1462, 31.8395567442
1463, 40.449174325
1464, 43.2839032234
1465, 43.3291464629
1466, 40.7007201908
1467, 35.4659392285
1468, 37.4733539274
1469, 39.3903592679
1470, 39.0371626207
1471, 39.2484732817
1472, 28.9039742561
1473, 20.0217045228
1474, 18.6753156736
1475, 19.0546743269
1476, 18.5726059714
1477, 18.0604385352
1478, 14.9673684928
1479, 13.2099057514
1480, 13.4001623166
1481, 12.7269409866
1482, 11.8450616961
1483, 11.8855877064
1484, 11.4658514402
1485, 11.7405841431
1486, 10.5255753351
1487, 13.086070046
1488, 17.3118097608
1489, 17.5538043053
1490, 17.4135020523
1491, 18.5188844789
1492, 23.7305542004
1493, 25.5480448145
1494, 24.5827878411
1495, 22.9529202694
1496, 23.8073096783
1497, 22.19920567
1498, 17.5381283361
1499, 16.845208736
1500, 15.5699531569
1501, 13.7420533894
1502, 7.78387478059
1503, 5.94568059602
1504, 5.88555005093
1505, 5.56421525135
1506, 4.54992537794
1507, 2.91287867272
1508, 2.8625919027
1509, 2.93472447377
1510, 3.20569505376
1511, 3.19563466594
1512, 3.7881332458
1513, 6.65184492448
1514, 8.56018506829
1515, 13.5530684966
1516, 18.2636715587
1517, 18.3460656568
1518, 18.3471966355
1519, 19.5627314535
1520, 21.3616461317
1521, 24.3024755817
1522, 25.1158712885
1523, 22.3731558504
1524, 20.1947353787
1525, 15.4021300777
1526, 11.835863335
1527, 14.4479696573
1528, 15.0707259616
1529, 13.512693759
1530, 11.2012930039
1531, 12.5059044714
1532, 18.8110530973
1533, 20.4386420471
1534, 20.440759178
1535, 24.6820234656
1536, 23.8900122119
1537, 26.0149582024
1538, 31.7999841682
1539, 38.3586327576
1540, 39.0332421389
1541, 37.5679854226
1542, 31.0007861776
1543, 31.3717243512
1544, 36.0699730325
1545, 38.7180414162
1546, 40.0852746215
1547, 36.3706027214
1548, 30.8058935209
1549, 31.6720096194
1550, 34.2659316424
1551, 32.9903381054
1552, 32.64211867
1553, 30.5145977028
1554, 27.1493949073
1555, 21.2925880996
1556, 20.942492926
1557, 21.5549528153
1558, 22.7120285927
1559, 19.8048640159
1560, 17.3208584078
1561, 15.6243415145
1562, 17.3798179493
1563, 19.4688134088
1564, 19.5908094425
1565, 20.1227554749
1566, 20.8465782896
1567, 28.1201933216
1568, 28.2131494649
1569, 24.1991555522
1570, 24.1201279672
1571, 24.3222214991
1572, 22.151470436
1573, 19.7295703016
1574, 18.4339326673
1575, 16.4855404575
1576, 14.5953752545
1577, 5.73288010976
1578, 3.90083363178
1579, 3.44695359506
1580, 2.64353259789
1581, 2.34222411499
1582, 2.43239180889
1583, 4.01074327458
1584, 4.91270199233
1585, 9.3210417179
1586, 11.8623972842
1587, 15.2594008101
1588, 24.6486154408
1589, 35.9547119646
1590, 47.8779593812
1591, 59.6999273465
1592, 64.5488400938
1593, 65.6688240286
1594, 75.1586051461
1595, 81.4236809395
1596, 87.0261937828
1597, 88.9531573367
1598, 84.5184203381
1599, 73.3847040617
1600, 61.551045784
1601, 50.0197094892
1602, 47.6133618552
1603, 47.127651309
1604, 37.0037625345
1605, 26.2079098263
1606, 17.9430604239
1607, 14.218299401
1608, 14.7703741597
1609, 16.6524956003
1610, 16.7642841999
1611, 18.091043661
1612, 16.73581892
1613, 16.4215231387
1614, 20.459345814
1615, 27.5411279391
1616, 28.5069846285
1617, 30.3837701741
1618, 26.4861201521
1619, 27.4825476091
1620, 31.6991747902
1621, 31.8399555369
1622, 31.137539203
1623, 29.4207704351
1624, 25.7832773599
1625, 19.131813309
1626, 18.5285870834
1627, 16.187950757
1628, 14.7197070116
1629, 12.4740683906
1630, 8.91865407481
1631, 7.67344815193
1632, 7.53466695484
1633, 8.06691632756
1634, 8.48061936856
1635, 9.19367901746
1636, 9.37471172557
1637, 8.69191243281
1638, 9.49526800684
1639, 10.8708032173
1640, 11.6238888343
1641, 15.5019424472
1642, 19.8945120004
1643, 24.9182540582
1644, 28.2433107165
1645, 38.6413828927
1646, 39.2667430944
1647, 41.3469316556
1648, 43.1270192387
1649, 44.0051172247
1650, 42.798806263
1651, 39.9936937283
1652, 35.5790844976
1653, 29.8724019658
1654, 25.531196469
1655, 14.3686818585
1656, 13.4245284512
1657, 10.7828411267
1658, 9.24566835665
1659, 8.98199898074
1660, 10.5789118475
1661, 12.2900874207
1662, 20.0124212452
1663, 26.4625966301
1664, 28.6938696342
1665, 36.0016394192
1666, 43.5149381093
1667, 56.8205123677
1668, 69.6119858316
1669, 77.5219722667
1670, 83.1433406496
1671, 91.6091324909
1672, 94.8569852217
1673, 101.756849199
1674, 107.474109886
1675, 106.636680013
1676, 107.133563855
1677, 94.169135787
1678, 80.5495711188
1679, 74.0234525232
1680, 69.2799709924
1681, 58.7810370616
1682, 46.7550823933
1683, 34.1594142405
1684, 31.7453149562
1685, 30.4138755075
1686, 22.7394864873
1687, 23.1528071257
1688, 23.0239208673
1689, 21.217475076
1690, 20.7938127761
1691, 22.3215380448
1692, 23.8989820913
1693, 25.2333569321
1694, 21.6079582326
1695, 19.6048545711
1696, 21.8844663783
1697, 23.5920922646
1698, 23.9965968443
1699, 23.4927139576
1700, 24.3739735995
1701, 22.774953944
1702, 22.031788466
1703, 21.7706651726
1704, 21.1583135422
1705, 18.9463894477
1706, 19.8412610277
1707, 18.5362209196
1708, 19.7194403441
1709, 19.54890973
1710, 18.4362986794
1711, 19.7716211243
1712, 20.9868374023
1713, 22.3625717724
1714, 24.1101477871
1715, 24.4522248689
1716, 26.4259718614
1717, 34.3329524656
1718, 43.1598826923
1719, 45.6222460366
1720, 51.5010689356
1721, 65.4984704731
1722, 63.4932428463
1723, 60.6418886677
1724, 60.622503901
1725, 65.5734802649
1726, 60.4788750875
1727, 51.9168443722
1728, 41.2624447099
1729, 37.7377683656
1730, 30.1797144895
1731, 14.8139714704
1732, 15.6777435009
1733, 17.2543721803
1734, 17.8564431559
1735, 14.3110890303
1736, 19.6737460108
1737, 29.3284128694
1738, 49.7978768962
1739, 56.1902428962
1740, 61.0370376288
1741, 71.445834112
1742, 82.825847147
1743, 91.4927177129
1744, 104.168451678
1745, 113.531064264
1746, 115.753455518
1747, 116.071442609
1748, 108.221194125
1749, 114.464757914
1750, 118.068003547
1751, 115.174699192
1752, 106.911500931
1753, 97.5402562661
1754, 81.9581019505
1755, 71.0414931464
1756, 63.9510025295
1757, 55.7537376987
1758, 43.1210961658
1759, 29.9845767394
1760, 21.1866654381
1761, 19.3566802736
1762, 18.9141913619
1763, 25.724218047
1764, 35.6266858803
1765, 34.7851203976
1766, 35.5381550538
1767, 34.996963663
1768, 40.6622515205
1769, 42.7291212192
1770, 47.7394573849
1771, 47.610834075
1772, 53.2952863441
1773, 48.8251964673
1774, 40.4304574911
1775, 40.6032105403
1776, 39.4104639647
1777, 39.971021992
1778, 34.8054563976
1779, 33.4792967141
1780, 29.0802812979
1781, 23.1328165321
1782, 14.9570559138
1783, 12.3655100911
1784, 10.3469537836
1785, 10.7787440877
1786, 16.722977761
1787, 15.8598097022
1788, 16.1317159453
1789, 15.8918080115
1790, 16.7462903996
1791, 22.1392689177
1792, 21.8579167394
1793, 23.1256772379
1794, 26.3219154724
1795, 34.3756090942
1796, 35.1859497563
1797, 38.4007627416
1798, 43.7071349571
1799, 43.0374716714
1800, 41.7425957993
1801, 36.9184797291
1802, 39.3174709023
1803, 38.6029435591
1804, 39.1121121086
1805, 31.6810290274
1806, 25.3044145169
1807, 21.42802359
1808, 15.8319598446
1809, 16.8177266904
1810, 18.2129077648
1811, 21.9377779029
1812, 24.949935569
1813, 29.4815093358
1814, 31.231841158
1815, 32.4693212772
1816, 40.6180211593
1817, 54.6182109142
1818, 57.6229235787
1819, 59.2117826199
1820, 65.9658522298
1821, 72.4571098521
1822, 77.3552677112
1823, 83.5003784281
1824, 87.0968186899
1825, 91.1473030618
1826, 94.6536482042
1827, 92.6137864085
1828, 97.8122197522
1829, 103.063645841
1830, 98.7878055931
1831, 87.4868699853
1832, 76.4182644295
1833, 63.9589920727
1834, 54.7171530312
1835, 47.6247869123
1836, 35.3248611567
1837, 25.0416164866
1838, 16.9408235365
1839, 9.13748721221
1840, 7.81943384393
1841, 12.6817760804
1842, 24.3838307626
1843, 34.380425478
1844, 35.3885872849
1845, 37.6514710596
1846, 38.91907606
1847, 37.3176359033
1848, 37.1342415293
1849, 43.8526625943
1850, 42.8808947608
1851, 38.8822115901
1852, 27.5702839547
1853, 18.9097604799
1854, 18.0153630141
1855, 16.3992675526
1856, 15.5352601083
1857, 15.246105491
1858, 15.6275939605
1859, 10.0212174768
1860, 8.64347790569
1861, 9.39640144395
1862, 10.1316992578
1863, 8.76622581766
1864, 11.5576267902
1865, 22.6006416134
1866, 26.1565561897
1867, 27.9459039652
1868, 30.348383382
1869, 33.4474001768
1870, 36.4431009088
1871, 37.8878748318
1872, 39.6638853536
1873, 43.9445018355
1874, 48.2238419228
1875, 39.0247389082
1876, 34.7978477137
1877, 33.04938118
1878, 30.6894294324
1879, 27.7211465881
1880, 27.5042683188
1881, 27.3552407762
1882, 29.2693612337
1883, 27.299763857
1884, 20.92148786
1885, 20.2188847199
1886, 21.6852674249
1887, 24.7974699545
1888, 26.0322784254
1889, 29.870407183
1890, 31.4854441011
1891, 33.1650906429
1892, 34.3241064837
1893, 37.1911174294
1894, 43.9119149237
1895, 52.9317833144
1896, 58.6893602946
1897, 58.9441157621
1898, 67.1634752202
1899, 73.3278865491
1900, 73.8304527382
1901, 75.2225259322
1902, 80.2966734676
1903, 85.0894325757
1904, 89.9221548497
1905, 81.4460229398
1906, 80.7647448172
1907, 82.8140922169
1908, 74.1630246232
1909, 63.1361970906
1910, 57.6927375365
1911, 51.3553035878
1912, 40.2737351684
1913, 30.9560979141
1914, 21.8695508943
1915, 22.4317273315
1916, 16.6354086066
1917, 11.0100881016
1918, 11.8941710655
1919, 17.866690734
1920, 22.5661350211
1921, 27.3508425295
1922, 28.6887941194
1923, 29.5140679888
1924, 27.8768757586
1925, 26.3194488949
1926, 26.2985623284
1927, 28.9391121384
1928, 26.760202114
1929, 21.4673997565
1930, 16.7773960843
1931, 12.890667962
1932, 12.5787559514
1933, 12.0861731559
1934, 11.6440226264
1935, 11.423220055
1936, 11.1825009779
1937, 10.6397625185
1938, 14.58609504
1939, 26.2037039183
1940, 29.8929727193
1941, 31.2373094816
1942, 38.7443253495
1943, 58.9706205792
1944, 74.8908950166
1945, 86.2709998881
1946, 92.0641458684
1947, 100.968472864
1948, 107.4076579
1949, 104.60283148
1950, 103.410127506
1951, 101.664980834
1952, 93.285783015
1953, 73.0144923399
1954, 56.8596357628
1955, 44.534895068
1956, 41.5088568591
1957, 32.7288797558
1958, 26.0074716221
1959, 20.6240364595
1960, 19.436506308
1961, 29.2473886106
1962, 31.257465207
1963, 32.3431908998
1964, 33.1250574086
1965, 35.8175799423
1966, 35.3462156609
1967, 36.3108986104
1968, 37.8067697906
1969, 39.698770102
1970, 48.2489328883
1971, 48.7405855739
1972, 56.906742075
1973, 62.8682165043
1974, 73.6792550818
1975, 80.162279993
1976, 87.1684156551
1977, 94.1062397594
1978, 98.0360706473
1979, 103.376633818
1980, 103.25211297
1981, 101.454995953
1982, 100.476758436
1983, 95.4429845541
1984, 83.4482613635
1985, 74.0838822955
1986, 64.222555088
1987, 53.925728125
1988, 44.2401979313
1989, 34.7360126017
1990, 30.6388742948
1991, 24.7234102893
1992, 15.9105897389
1993, 12.9494127687
1994, 13.9764129557
1995, 18.0444090788
1996, 21.5079537675
1997, 23.2156425276
1998, 23.8819829306
1999, 22.3264402923
2000, 17.9069938844
2001, 16.7006747087
2002, 16.589877733
2003, 17.3231119603
2004, 15.6141953604
2005, 12.4785628865
2006, 18.4013056531
2007, 19.036483502
2008, 19.6886597817
2009, 21.2990434182
2010, 24.9757638793
2011, 25.2682827653
2012, 28.3101239468
2013, 40.2916585316
2014, 43.8187554768
2015, 47.5576872936
2016, 44.6958437253
2017, 47.0277921068
2018, 53.3090894072
2019, 60.7315190942
2020, 60.3595771044
2021, 61.2707818125
2022, 57.807844336
2023, 45.2621767441
2024, 42.0065670963
2025, 37.2725734776
2026, 31.5264085566
2027, 27.2154540747
2028, 21.5146158055
2029, 18.6587223289
2030, 16.4297395425
2031, 14.4544723648
2032, 15.771368673
2033, 18.4033224365
2034, 22.8428801585
2035, 24.7425984042
2036, 25.4061215057
2037, 26.7446839312
2038, 26.8474598847
2039, 21.2809056149
2040, 22.0452746193
2041, 28.4315156508
2042, 33.8384111956
2043, 35.1147863631
2044, 40.7106493238
2045, 52.2522689072
2046, 59.8277367539
2047, 69.583755947
2048, 84.0145541961
2049, 97.275095249
2050, 104.469135741
2051, 104.310684665
2052, 108.616346453
2053, 113.940894032
2054, 112.149605532
2055, 105.317799
2056, 98.6490130312
2057, 89.1828111889
2058, 73.0025042957
2059, 58.7176515762
2060, 48.5682358904
2061, 42.2115575596
2062, 35.8541904612
2063, 32.8478253116
2064, 26.2583380782
2065, 20.4328739696
2066, 18.1849771187
2067, 17.2410919653
2068, 18.384571297
2069, 18.9661902523
2070, 19.4884457793
2071, 18.7135878892
2072, 18.8209355228
2073, 15.0642943458
2074, 18.3076737747
2075, 20.9397172219
2076, 21.8556113788
2077, 20.9626952284
2078, 30.3847775189
2079, 33.5484156513
2080, 36.1536871052
2081, 40.414924175
2082, 38.1575606008
2083, 39.5226472131
2084, 37.012755557
2085, 36.301872232
2086, 40.3726155351
2087, 48.6270947727
2088, 45.1918196066
2089, 45.6489440862
2090, 44.3618568213
2091, 41.8807162257
2092, 41.0468695896
2093, 37.4602917891
2094, 34.8059689529
2095, 34.5037251424
2096, 30.0805181569
2097, 23.9853031472
2098, 19.5116186205
2099, 18.2726049581
2100, 20.2007736127
2101, 21.3461591428
2102, 24.0098331247
2103, 26.2720998479
2104, 28.4018378722
2105, 29.4341622029
2106, 31.0633393429
2107, 30.8220660233
2108, 30.1690660193
2109, 30.5123893018
2110, 28.6945949641
2111, 29.176255644
2112, 29.5956732633
2113, 32.3674780538
2114, 36.9267329129
2115, 47.1291901115
2116, 56.4497207623
2117, 62.8630953438
2118, 75.4777747812
2119, 82.6430743254
2120, 90.7728910605
2121, 92.1721589342
2122, 94.2723593488
2123, 97.1798051495
2124, 98.1022710219
2125, 94.5186952046
2126, 88.0899303658
2127, 81.4275067186
2128, 75.8199772646
2129, 69.7399088347
2130, 61.3394253025
2131, 57.239781917
2132, 52.3495358458
2133, 47.722183626
2134, 42.7790970341
2135, 35.0112552979
2136, 31.3159902129
2137, 29.4992310236
2138, 20.8739144756
2139, 18.4645650044
2140, 17.0783478414
2141, 17.6101837621
2142, 16.0939107543
2143, 16.3423884729
2144, 16.1733193411
2145, 15.8722449999
2146, 15.2302039041
2147, 16.58679598
2148, 29.5773825799
2149, 43.7173001882
2150, 47.2050571946
2151, 47.4905310069
2152, 47.4874194271
2153, 47.1660634932
2154, 46.6881967797
2155, 48.2621924827
2156, 51.6523077208
2157, 54.1257091442
2158, 42.4621092706
2159, 27.8154858087
2160, 24.5019485347
2161, 23.1158957287
2162, 23.2939551542
2163, 19.6577683478
2164, 17.5282727162
2165, 16.3723998948
2166, 15.5340808309
2167, 18.3931717347
2168, 21.7559312097
2169, 28.5776604604
2170, 32.4362195989
2171, 33.9851765788
2172, 45.2558867352
2173, 46.5049293928
2174, 47.7608040174
2175, 48.8651321969
2176, 49.1692158822
2177, 45.0197127404
2178, 41.0618482916
2179, 34.5946594292
2180, 31.8851828242
2181, 35.1519111965
2182, 27.4376859502
2183, 30.772075349
2184, 30.572700575
2185, 31.5011078766
2186, 33.7662613744
2187, 34.3587673816
2188, 42.1085663079
2189, 52.1229757254
2190, 60.3131064684
2191, 70.6066033754
2192, 72.8779360544
2193, 73.2325903295
2194, 78.8071166167
2195, 75.6207237183
2196, 69.6237414749
2197, 66.2579535234
2198, 58.1321394057
2199, 48.4663465599
2200, 40.0448723732
2201, 25.056296654
2202, 19.6935251337
2203, 15.3130646388
2204, 10.5619044391
2205, 10.7422315952
2206, 11.9796265818
2207, 12.5324111007
2208, 12.1611559336
2209, 10.1204833517
2210, 9.94728800279
2211, 11.1721127753
2212, 10.186118317
2213, 11.5738800626
2214, 13.3430335611
2215, 13.0020618087
2216, 13.3516267802
2217, 19.1759875253
2218, 33.5151531821
2219, 38.7105786603
2220, 52.963184077
2221, 53.7033848603
2222, 55.8264725659
2223, 55.5834508638
2224, 54.0967115786
2225, 53.6566638155
2226, 55.2309932136
2227, 50.7114823275
2228, 36.0385621759
2229, 30.6435749406
2230, 15.3756753208
2231, 13.0233071015
2232, 10.83313461
2233, 11.0031376603
2234, 11.0027875419
2235, 16.6821872879
2236, 19.8554255339
2237, 26.7049795072
2238, 33.3568615137
2239, 40.3908071521
2240, 44.3697567567
2241, 46.9623082114
2242, 49.6560345888
2243, 51.2540992577
2244, 51.1308875156
2245, 46.199042722
2246, 42.3621632306
2247, 37.3319063729
2248, 32.9225131161
2249, 27.6176912172
2250, 24.2740215277
2251, 21.9144702412
2252, 23.6586672971
2253, 29.3809668693
2254, 37.327876287
2255, 49.1581150309
2256, 54.2952682107
2257, 58.1167665466
2258, 61.704096087
2259, 66.9490071198
2260, 71.9917542272
2261, 75.5991087295
2262, 79.2658735364
2263, 76.1462071221
2264, 70.0100984554
2265, 59.5253287428
2266, 55.8699627709
2267, 53.394526707
2268, 52.9993070192
2269, 48.5503536056
2270, 47.4538601686
2271, 47.111094744
2272, 40.9629650385
2273, 36.8489325939
2274, 33.8523770287
2275, 33.4199850042
2276, 33.3362958331
2277, 28.6162415907
2278, 22.8618144846
2279, 20.4700561567
2280, 16.5851050832
2281, 16.6736687695
2282, 17.9583211067
2283, 20.7059008342
2284, 23.2176322742
2285, 37.9584887182
2286, 36.19344417
2287, 42.2507362197
2288, 44.5832433166
2289, 48.9579082682
2290, 49.0450988402
2291, 45.7399516959
2292, 42.7670352453
2293, 38.1408198479
2294, 34.9864202987
2295, 18.0824616074
2296, 18.0516588352
2297, 14.7166482924
2298, 15.4095129711
2299, 18.752879318
2300, 27.0743738484
2301, 32.8003892015
2302, 40.7675367396
2303, 50.7636789142
2304, 58.9801177371
2305, 69.836117231
2306, 71.6981785668
2307, 71.2804611244
2308, 71.5036727136
2309, 71.8411814792
2310, 65.8078137136
2311, 60.7398532757
2312, 56.4334682693
2313, 46.5502411025
2314, 39.5931305024
2315, 30.9541557568
2316, 27.6482366222
2317, 33.3162764889
2318, 42.8331040237
2319, 44.0085969954
2320, 44.3347397833
2321, 44.6765256498
2322, 43.4090104011
2323, 45.3461546412
2324, 46.8258588837
2325, 49.4572205835
2326, 52.9764273932
2327, 48.0718057125
2328, 36.5148554006
2329, 34.59342063
2330, 32.8062648555
2331, 35.4070213685
2332, 36.8771289248
2333, 37.7860440578
2334, 35.4764231226
2335, 36.262456654
2336, 36.4492005445
2337, 34.8807400957
2338, 37.8412006832
2339, 31.7063297833
2340, 30.2888583957
2341, 29.544384731
2342, 30.4533794592
2343, 39.0137950684
2344, 48.546171751
2345, 55.7315541164
2346, 63.9546243517
2347, 75.2554737283
2348, 80.9357307365
2349, 103.345782885
2350, 104.52750362
2351, 101.758742012
2352, 96.6582976521
2353, 85.0386358455
2354, 75.1088447225
2355, 63.5649461402
2356, 53.7577891638
2357, 44.0233476264
2358, 42.5216865321
2359, 29.1769775897
2360, 34.8406737497
2361, 47.3748603571
2362, 57.556643239
2363, 68.5291363465
2364, 77.5487182668
2365, 82.0522269052
2366, 81.2886822415
2367, 78.8989092304
2368, 84.4866970189
2369, 75.4091871673
2370, 68.3690812799
2371, 60.9084969736
2372, 52.0968624436
2373, 43.1223480841
2374, 42.8996970485
2375, 38.5508182267
2376, 39.7482173426
2377, 46.6090801314
2378, 42.5271676628
2379, 45.3195749468
2380, 45.2412697929
2381, 44.5575802401
2382, 51.9603105832
2383, 58.1265045387
2384, 57.2915354807
2385, 60.1102276385
2386, 67.119156165
2387, 67.6534849981
2388, 62.1984715042
2389, 67.9702426204
2390, 71.6520893506
2391, 77.0381680054
2392, 73.1994499123
2393, 66.7012649237
2394, 64.8603736514
2395, 66.0754524733
2396, 74.2680631444
2397, 79.9506508957
2398, 78.1496461671
2399, 70.8821521683
2400, 72.7285634798
2401, 66.647068417
2402, 65.5362712085
2403, 71.4598269313
2404, 71.5829250607
2405, 70.6676718927
2406, 58.4128056965
2407, 52.6159640437
2408, 51.0469447217
2409, 49.2016304716
2410, 44.3511387747
2411, 40.2233529138
2412, 36.3971273283
2413, 30.7208690474
2414, 28.1066652945
2415, 28.557738218
2416, 32.9591209828
2417, 29.0118144575
2418, 39.5894818586
2419, 51.2099075745
2420, 59.0334427449
2421, 66.9202449615
2422, 76.2437649996
2423, 79.8832044518
2424, 78.1259634825
2425, 78.7275374125
2426, 70.6688299644
2427, 67.4544666577
2428, 57.4180781041
2429, 46.9608560985
2430, 38.827474179
2431, 32.1256770447
2432, 25.5847787713
2433, 21.7461976837
2434, 23.0412066117
2435, 23.1107055731
2436, 30.4131883585
2437, 38.5540896011
2438, 46.7420887921
2439, 59.772438739
2440, 73.5268026497
2441, 84.9451405058
2442, 96.0015598513
2443, 105.275949942
2444, 113.73303524
2445, 115.400949008
2446, 114.759966297
2447, 116.313562794
2448, 112.738495957
2449, 107.763650956
2450, 95.6992433023
2451, 84.0846023445
2452, 75.2990820797
2453, 65.0747900789
2454, 54.4573480678
2455, 47.8760223155
2456, 39.4160274293
2457, 29.7595164464
2458, 23.7813225601
2459, 14.9508587676
2460, 13.0627332911
2461, 14.3297598816
2462, 13.1056079732
2463, 17.2008639696
2464, 17.7741736288
2465, 16.8216836274
2466, 17.9973609011
2467, 19.6239860746
2468, 26.5816898882
2469, 26.6522986874
2470, 26.3727736261
2471, 24.3113170313
2472, 26.2667842626
2473, 26.5479582381
2474, 28.7667134535
2475, 36.2892028604
2476, 35.6513286962
2477, 35.3008734719
2478, 30.6204317699
2479, 32.2875095046
2480, 34.3353617111
2481, 34.7974048964
2482, 31.2300201245
2483, 29.0381566367
2484, 26.5070800662
2485, 19.9285607127
2486, 20.2984690386
2487, 19.3043913832
2488, 19.6350434655
2489, 23.0603493944
2490, 24.1575226841
2491, 30.4845534485
2492, 36.4825477723
2493, 42.1897076933
2494, 44.5451715589
2495, 73.143308374
2496, 96.2495719958
2497, 101.51967213
2498, 107.967829851
2499, 107.039019211
2500, 114.819375985
2501, 115.791656978
2502, 116.713195425
2503, 114.699209363
2504, 115.460476514
2505, 96.5188912225
2506, 81.5570302205
2507, 86.5693971206
2508, 78.8023307241
2509, 80.1857530191
2510, 71.200367086
2511, 63.4329267767
2512, 54.6110996571
2513, 49.9841374432
2514, 45.4439939725
2515, 35.0259236023
2516, 25.4323741857
2517, 15.2742272068
2518, 15.3360024521
2519, 11.0609799652
2520, 9.20170150784
2521, 9.25267181663
2522, 10.9719293419
2523, 13.1021670044
2524, 13.4839605972
2525, 13.3037906363
2526, 13.3649461804
2527, 16.9815459589
2528, 23.3446959463
2529, 25.4034238713
2530, 28.3277496119
2531, 31.2144017346
2532, 30.8964374846
2533, 26.9591279228
2534, 28.0226142387
2535, 29.7997116389
2536, 31.7976163386
2537, 29.2841296018
2538, 23.0093701944
2539, 22.7800834216
2540, 27.7303009858
2541, 28.2733146636
2542, 35.8332505776
2543, 45.5053323432
2544, 48.5507754783
2545, 60.8540519466
2546, 73.3777614995
2547, 88.1911903204
2548, 91.6009191198
2549, 87.3861635565
2550, 81.1233493497
2551, 83.8427322543
2552, 80.9554301641
2553, 74.3346134265
2554, 75.8856163147
2555, 67.9726762514
2556, 62.2009308868
2557, 57.1307106729
2558, 53.4739001301
2559, 53.9085577625
2560, 52.0703986416
2561, 46.1827570559
2562, 39.8001888037
2563, 36.6426823225
2564, 30.6927982166
2565, 24.6146070007
2566, 18.0414724766
2567, 5.66423641247
2568, 4.21835988438
2569, 5.08201521802
2570, 17.3601429266
2571, 17.5220845001
2572, 20.1041961802
2573, 21.7835037613
2574, 22.3099940785
2575, 27.9113395541
2576, 30.0689327478
2577, 32.0583973868
2578, 32.5517167843
2579, 33.3883459666
2580, 26.0776421399
2581, 30.1175115986
2582, 31.5633563183
2583, 33.5127187338
2584, 43.9709794808
2585, 58.1387456315
2586, 61.4667780851
2587, 69.4672319025
2588, 74.7445946895
2589, 75.9611862059
2590, 82.4553478319
2591, 87.24171014
2592, 108.711016969
2593, 109.809227084
2594, 100.217543316
2595, 82.3435669353
2596, 77.1202702262
2597, 75.1437811547
2598, 77.4027491276
2599, 79.8016117672
2600, 73.7208370692
2601, 66.7714623989
2602, 45.9452668556
2603, 45.5244370146
2604, 44.0383873157
2605, 42.4816415054
2606, 39.6999771907
2607, 31.7130856946
2608, 23.7131770605
2609, 21.4639204401
2610, 27.4489986659
2611, 26.9181395588
2612, 23.2284109073
2613, 18.9404791485
2614, 18.8316942817
2615, 18.7092029489
2616, 21.0067190567
2617, 20.9263948061
2618, 22.2119156854
2619, 32.8765804817
2620, 23.0921099226
2621, 22.6115802583
2622, 21.9209364261
2623, 24.3432986745
2624, 30.8881776948
2625, 35.1946438744
2626, 39.1655992152
2627, 48.329351625
2628, 75.5245058976
2629, 85.6767312895
2630, 94.83521627
2631, 98.2013752301
2632, 101.703558669
2633, 105.221913466
2634, 108.029067958
2635, 109.895613022
2636, 104.35915899
2637, 96.0714542196
2638, 68.3603029997
2639, 50.3612283892
2640, 45.0596069595
2641, 52.7883717958
2642, 60.0420011691
2643, 57.400546865
2644, 54.7225766149
2645, 48.9083977014
2646, 48.2460484458
2647, 48.4265809249
2648, 58.6127163778
2649, 53.7696608384
2650, 48.3471303639
2651, 35.7425295523
2652, 24.6743998186
2653, 21.3483263735
2654, 15.9486690945
2655, 16.3802471907
2656, 18.5192803028
2657, 18.9394425568
2658, 14.8847778293
2659, 14.8837455835
2660, 16.1522343026
2661, 16.5550287185
2662, 26.6006747629
2663, 35.8405683034
2664, 36.7957229767
2665, 37.7942257818
2666, 46.0362873921
2667, 44.5618115759
2668, 41.2756591315
2669, 45.2620125964
2670, 48.4268443748
2671, 48.1256012823
2672, 38.5203818088
2673, 29.863757166
2674, 29.6216262141
2675, 28.2826186045
2676, 21.2551115593
2677, 25.4831373128
2678, 23.5455958344
2679, 17.9323051063
2680, 14.4760512184
2681, 20.6534136116
2682, 20.5328841697
2683, 19.8983672499
2684, 17.8705193885
2685, 17.1985318947
2686, 13.7926811616
2687, 10.8344904605
2688, 10.7136805034
2689, 12.5214584222
2690, 14.5420076598
2691, 8.95663802693
2692, 9.85100704032
2693, 10.1829017535
2694, 14.9725856511
2695, 22.0735121084
2696, 24.1332009388
2697, 27.7754354973
2698, 30.5226248265
2699, 33.0763530593
2700, 32.0235915533
2701, 34.022414618
2702, 40.9028197667
2703, 40.7331269411
2704, 36.7462161259
2705, 30.4374864086
2706, 31.3012821033
2707, 27.9332888885
2708, 28.0401387501
2709, 24.7749502937
2710, 22.9141871887
2711, 20.2732266055
2712, 12.1763328183
2713, 11.9948510485
2714, 11.4114751757
2715, 13.1883076662
2716, 12.3865717779
2717, 13.0796498599
2718, 9.88449150658
2719, 10.9095545731
2720, 12.9685255832
2721, 15.8505599505
2722, 25.9679525155
2723, 33.853758507
2724, 46.3389980162
2725, 56.1641472192
2726, 56.6146828468
2727, 57.0992639901
2728, 56.7293005593
2729, 55.0817823698
2730, 55.1305872118
2731, 58.0422899358
2732, 54.2627508159
2733, 46.8802953649
2734, 34.2355047383
2735, 21.9115466671
2736, 19.3645493737
2737, 16.8919880301
2738, 16.0072431592
2739, 17.6739123618
2740, 19.1696926296
2741, 16.1747015166
2742, 13.4490124346
2743, 14.8663126531
2744, 18.2414205378
2745, 23.8970434188
2746, 30.9567448356
2747, 38.191543939
2748, 51.1686340823
2749, 60.602191229
2750, 71.5516167923
2751, 72.5797303968
2752, 76.7297095217
2753, 75.2758567497
2754, 71.9317356997
2755, 69.7672790427
2756, 66.8826961889
2757, 61.7352996276
2758, 49.1691041132
2759, 37.6387393319
2760, 22.9817281713
2761, 19.074035362
2762, 11.4399374955
2763, 11.3591303685
2764, 13.7287707254
2765, 11.3705525091
2766, 8.16695497493
2767, 7.91600777623
2768, 11.3105376741
2769, 12.889606667
2770, 20.6796310702
2771, 29.8324664282
2772, 35.7491025308
2773, 50.093630497
2774, 50.8023567355
2775, 51.9480897131
2776, 51.1158020252
2777, 49.1280886947
2778, 45.4297946244
2779, 44.372911804
2780, 37.3337572706
2781, 28.3707890967
2782, 22.4654090599
2783, 7.73774418659
2784, 4.5922232114
2785, 2.14142813584
2786, 1.94044941226
2787, 2.02071129471
2788, 4.43044490419
2789, 6.63758133657
2790, 8.86911935065
2791, 9.45262900169
2792, 14.2935013353
2793, 15.8811622381
2794, 19.0044767278
2795, 27.184133215
2796, 31.5538508089
2797, 40.3811386402
2798, 51.533949841
2799, 61.8813558976
2800, 67.5253360329
2801, 67.3390071326
2802, 62.9130716465
2803, 63.9508385795
2804, 64.9819732378
2805, 58.1539597123
2806, 57.4499356274
2807, 49.416562802
2808, 43.5741595389
2809, 32.2534580863
2810, 25.575170892
2811, 32.3253728307
2812, 33.7330106911
2813, 36.0181069204
2814, 35.8471042711
2815, 49.5100725799
2816, 53.0656105896
2817, 52.4560074442
2818, 44.6350391037
2819, 44.2451532486
2820, 45.0463123476
2821, 41.7059714186
2822, 45.4024895254
2823, 44.3388112501
2824, 41.6188968467
2825, 29.7923159536
2826, 23.8873491112
2827, 25.4354492158
2828, 30.7767650682
2829, 31.6207360593
2830, 36.8038235838
2831, 43.9734947783
2832, 48.8730673216
2833, 55.1306878271
2834, 58.9403924948
2835, 57.9212401175
2836, 56.8799440937
2837, 54.9992627426
2838, 49.6541851271
2839, 48.3464817641
2840, 48.1345002366
2841, 39.6879710818
2842, 32.208206378
2843, 24.2471234047
2844, 21.0469021368
2845, 19.7892802764
2846, 21.4173820589
2847, 22.4818620744
2848, 28.2954991807
2849, 36.5012568535
2850, 35.5754095177
2851, 46.3450552056
2852, 67.7875476057
2853, 85.1437505119
2854, 96.2769811444
2855, 95.9232425902
2856, 94.2175494838
2857, 93.1322191078
2858, 87.3627389905
2859, 78.8490135412
2860, 72.5579704639
2861, 59.0658467915
2862, 34.5477289302
2863, 15.0914994024
2864, 2.10125107802
2865, 1.81978232354
2866, 2.71330522559
2867, 3.23562439745
2868, 3.21579365489
2869, 2.88453626908
2870, 2.87465761936
2871, 4.03936190401
2872, 8.09383611549
2873, 16.2110974285
2874, 24.3960887095
2875, 30.2426189273
2876, 36.0192778238
2877, 47.9308142215
2878, 59.4764264277
2879, 73.7367276908
2880, 75.9901528367
2881, 74.9197734926
2882, 71.4059269971
2883, 63.8284075155
2884, 55.830334719
2885, 49.7316210412
2886, 43.2434136311
2887, 31.4021022467
2888, 21.3240258503
2889, 8.99017285902
2890, 7.71483010631
2891, 13.9307324819
2892, 25.0791171929
2893, 35.1744925939
2894, 41.3169223911
2895, 51.6553036307
2896, 61.0196075933
2897, 74.2696539697
2898, 74.5809124734
2899, 74.1814538432
2900, 75.2571050937
2901, 69.4820410885
2902, 57.8269726281
2903, 47.1170348062
2904, 40.7556324014
2905, 30.4283751996
2906, 21.3866094059
2907, 7.83376421683
2908, 9.18888078542
2909, 12.7754415352
2910, 14.3423597781
2911, 17.2175276813
2912, 26.0253421156
2913, 33.2993715932
2914, 37.1670955342
2915, 37.3698904183
2916, 37.9038370252
2917, 40.7654350031
2918, 39.6387762506
2919, 34.4033486048
2920, 30.3261273556
2921, 26.9301668004
2922, 18.6055797462
2923, 12.2450438395
2924, 8.39822295916
2925, 8.19756211638
2926, 9.35411084349
2927, 13.7312516931
2928, 20.4609713515
2929, 26.8089862321
2930, 31.5718988862
2931, 31.5957160769
2932, 31.2738212846
2933, 31.6744538852
2934, 32.3659289902
2935, 32.3846932525
2936, 30.1125860762
2937, 22.5903750833
2938, 13.8202891606
2939, 7.47250007861
2940, 3.00292526986
2941, 7.23597389716
2942, 8.25264233398
2943, 8.59448987622
2944, 10.5231456013
2945, 13.2876618593
2946, 14.6837526177
2947, 15.4974719859
2948, 17.4561569413
2949, 18.5409176651
2950, 18.3099015041
2951, 14.0756391435
2952, 13.2602175392
2953, 11.7033105089
2954, 9.06145739109
2955, 6.69898507422
2956, 6.16651329894
2957, 6.11622623916
2958, 4.9310884659
2959, 6.46927064357
2960, 10.4460321079
2961, 13.2703772318
2962, 16.1431296245
2963, 20.944212996
2964, 21.8515084752
2965, 21.4102960419
2966, 20.817984981
2967, 20.5467269181
2968, 20.5857139069
2969, 18.9859184949
2970, 16.3242903164
2971, 13.7315627081
2972, 10.6585985355
2973, 6.40017965697
2974, 7.19118914244
2975, 7.43215257508
2976, 7.59285983452
2977, 8.68953833351
2978, 7.96685580617
2979, 33.4901868762
2980, 33.4901868762
2981, 33.4901868762
2982, 33.4901868762
2983, 33.4901868762
2984, 33.4901868762
