0, 11.251115215
1, 11.251115215
2, 11.251115215
3, 11.251115215
4, 11.251115215
5, 0.0401725174579
6, 0.0401739304316
7, 0.0301334083928
8, 0.0401773342835
9, 0.0401755360401
10, 0.0502115826557
11, 0.0602565998261
12, 0.552254187934
13, 5.90398732127
14, 5.90477444009
15, 5.93573702177
16, 34.9460327588
17, 35.0009196536
18, 34.9941071107
19, 41.3935933011
20, 41.3790484422
21, 41.3653237603
22, 40.8697870785
23, 35.5177618306
24, 35.4968525627
25, 37.4339018282
26, 8.41616279956
27, 8.38635134444
28, 8.38669213905
29, 1.999252612
30, 2.0391048851
31, 2.04885757535
32, 2.06895909468
33, 2.06898145876
34, 2.06900315402
35, 0.100446844779
36, 0.120523861007
37, 0.100434924304
38, 0.130557105834
39, 0.120521030609
40, 0.0803541949267
41, 0.251043649079
42, 0.291226320875
43, 0.30129623499
44, 1.02425560829
45, 3.09472521273
46, 4.26983890302
47, 4.47118266432
48, 4.44166928131
49, 4.76339521323
50, 5.03431840083
51, 5.10416485611
52, 7.02183892961
53, 8.43991826066
54, 7.84783210402
55, 5.91792954125
56, 4.93408265686
57, 4.9741318393
58, 5.35525900747
59, 5.07394657711
60, 5.12418287439
61, 5.07401830404
62, 3.11558327396
63, 2.62119875012
64, 3.58719180604
65, 3.54725176787
66, 4.00929711282
67, 4.33091755087
68, 4.32097707975
69, 4.75262772832
70, 4.44140756413
71, 4.35108891691
72, 4.40125570222
73, 3.62781794756
74, 2.84226868948
75, 3.22381423627
76, 2.90242816228
77, 2.49076074474
78, 2.18957119561
79, 1.78791342188
80, 2.90239874447
81, 3.31410297611
82, 3.40463014941
83, 3.41487454548
84, 3.31466481014
85, 3.07351951828
86, 2.90260625276
87, 2.79213687398
88, 2.73195421414
89, 2.68175532663
90, 1.71749245989
91, 1.19519405319
92, 1.82968482808
93, 2.75348423272
94, 2.97460041018
95, 2.86438913143
96, 2.7241145123
97, 2.88489156214
98, 3.17589464686
99, 3.49705770786
100, 3.46694115359
101, 3.77833483632
102, 3.21397480173
103, 2.82215881924
104, 2.84220932815
105, 3.01303868957
106, 3.25418702103
107, 3.06353773083
108, 3.03532327091
109, 3.30627384611
110, 3.80832732137
111, 4.05938535898
112, 4.13990973059
113, 3.67810831584
114, 3.50741045311
115, 3.49729929699
116, 3.79842131344
117, 3.95914546408
118, 3.99736881175
119, 4.10776306948
120, 3.74629028844
121, 3.39478281442
122, 3.32452202013
123, 3.615780635
124, 4.00730766771
125, 4.39887691288
126, 4.54955396342
127, 4.77071890808
128, 4.67047445464
129, 4.38118138294
130, 4.39120212481
131, 4.59193617979
132, 4.78267105349
133, 4.79270332482
134, 4.3508673003
135, 3.91907423539
136, 3.4571027291
137, 3.28636408407
138, 3.21601578174
139, 2.8926264805
140, 2.80222314392
141, 2.91455224346
142, 3.07514131363
143, 3.1152724738
144, 4.07934459438
145, 4.7222455286
146, 5.25468326612
147, 6.10841105163
148, 6.73127774575
149, 7.15518250201
150, 7.0147165553
151, 6.93237873127
152, 6.94221725738
153, 6.89377224409
154, 5.83917921973
155, 5.12621340795
156, 4.77471074444
157, 4.24227516442
158, 4.00308997391
159, 3.50910911939
160, 3.60969604483
161, 3.41889304133
162, 2.82633131089
163, 2.30202517706
164, 2.3722754317
165, 2.30198884147
166, 2.13115566644
167, 1.95031462354
168, 1.68726105057
169, 1.6472010128
170, 1.72757041444
171, 1.75768594466
172, 2.44044116833
173, 3.17348131465
174, 3.56524788435
175, 4.65995167215
176, 4.90123890602
177, 5.18255151046
178, 5.33330317829
179, 6.19701737888
180, 6.36772349434
181, 6.31752705114
182, 5.95597841841
183, 5.865520467
184, 5.43364301104
185, 4.43927910998
186, 4.24847139235
187, 4.18818468431
188, 3.7864764281
189, 3.22399184611
190, 3.22400431256
191, 3.02323721991
192, 3.20386250729
193, 3.10335887306
194, 3.38462060182
195, 3.29431031933
196, 3.16386980591
197, 2.96300296698
198, 3.74617985367
199, 3.86663937907
200, 4.68197194421
201, 5.88716509926
202, 6.1987192162
203, 6.18887344101
204, 6.30961615199
205, 6.72145451986
206, 7.22342333507
207, 7.06270158922
208, 6.27940602655
209, 6.13878446014
210, 5.32318040689
211, 4.55971489304
212, 3.82653698576
213, 3.60564403821
214, 3.33453117893
215, 3.46499592587
216, 2.88247132577
217, 2.872491865
218, 3.44494277137
219, 3.50524512305
220, 3.49511950879
221, 3.44488439676
222, 3.68604756861
223, 3.56556507627
224, 3.41493023979
225, 3.18583654353
226, 3.2059465459
227, 3.37660259229
228, 3.20582490855
229, 3.34842592508
230, 3.7902160345
231, 4.38270941767
232, 4.78455431294
233, 5.02579842047
234, 4.87546168408
235, 4.45178181482
236, 4.64241814888
237, 4.83293473272
238, 5.14403264414
239, 5.00152113903
240, 4.77063988888
241, 3.97939036901
242, 3.88088979076
243, 3.48923621274
244, 3.75036313176
245, 4.59579164229
246, 4.95730179305
247, 4.76649811781
248, 4.44520743477
249, 4.38517278525
250, 4.00354227526
251, 4.06169754819
252, 4.53145768861
253, 5.02357200041
254, 5.58598623349
255, 5.0137469512
256, 5.07412764375
257, 5.38739378558
258, 6.18061209572
259, 7.01411901385
260, 7.12489006085
261, 7.75769618004
262, 7.64723596012
263, 7.50673466868
264, 6.88400970056
265, 6.9122451981
266, 6.70128220482
267, 6.73919021798
268, 5.91555782383
269, 5.33307769524
270, 5.67459844181
271, 5.24281518397
272, 4.25864350046
273, 4.03772387355
274, 4.1080246799
275, 4.39907458479
276, 4.55954424111
277, 4.12776504263
278, 4.41908974384
279, 4.63005648422
280, 4.14814487043
281, 3.9773903362
282, 5.0136942095
283, 5.14436115773
284, 6.63035662957
285, 6.34939637538
286, 6.98218971028
287, 7.25551480164
288, 7.58705641144
289, 7.98861318506
290, 8.73185463826
291, 9.33647169183
292, 8.95492661501
293, 9.45718816654
294, 8.57326190911
295, 8.77415699164
296, 8.01080541767
297, 7.66746256338
298, 7.04476765119
299, 6.38175129048
300, 6.10035973276
301, 5.25478831674
302, 4.59005433408
303, 3.92723424816
304, 3.23418020592
305, 3.1033838796
306, 3.19359815827
307, 3.40457932589
308, 3.54526390888
309, 3.51524613819
310, 3.2743147085
311, 3.33464288807
312, 3.86685794019
313, 5.39307598363
314, 5.59406249332
315, 6.84929568141
316, 7.50228152889
317, 8.41647106518
318, 8.84840472848
319, 9.39094060865
320, 9.79280368723
321, 10.465657227
322, 11.1283165094
323, 10.557704777
324, 10.9394345527
325, 10.186209548
326, 9.61777868633
327, 8.91477649371
328, 8.28204637128
329, 8.39231836869
330, 8.34206734043
331, 7.76968919372
332, 6.62485805015
333, 5.72913083608
334, 5.19673360479
335, 4.35288098126
336, 3.81652662363
337, 4.18989233044
338, 4.45102136745
339, 3.75808907283
340, 3.4268069406
341, 3.88893762046
342, 4.01956704143
343, 5.59589653225
344, 5.61622629004
345, 5.96794262557
346, 8.37176023906
347, 9.79781441653
348, 10.84433254
349, 12.7426180927
350, 14.2498342385
351, 15.6460214911
352, 18.1866249789
353, 19.9740481394
354, 20.2660723738
355, 21.5940134462
356, 20.7123197984
357, 19.6979270697
358, 19.1651802918
359, 17.7992736644
360, 16.6846413853
361, 15.3086175289
362, 13.6310956452
363, 11.1200235863
364, 11.6341648859
365, 10.728332212
366, 9.79855190663
367, 8.86464370284
368, 8.82234224611
369, 8.761970638
370, 8.54105213706
371, 7.88841242312
372, 7.01479812477
373, 6.12090254473
374, 5.20477699291
375, 4.43126688927
376, 4.63183649578
377, 4.85077212679
378, 4.1980467032
379, 3.90687779991
380, 3.94723997689
381, 4.27874444017
382, 4.87110303324
383, 4.72062978465
384, 5.09222425342
385, 8.76913700078
386, 9.51437645051
387, 10.382294879
388, 12.7768138863
389, 15.3001891493
390, 16.9392743784
391, 18.7329247707
392, 19.0249456347
393, 19.4272188961
394, 21.0938440083
395, 18.6609856906
396, 18.0159590457
397, 17.8210205303
398, 16.0497916977
399, 14.119434945
400, 12.7614470441
401, 11.8314403294
402, 11.3494544565
403, 11.8214821871
404, 10.9776414213
405, 10.7987952627
406, 10.5195597313
407, 10.5395805789
408, 10.8429621091
409, 9.78869405221
410, 8.87493015793
411, 7.67988385883
412, 7.25791796491
413, 6.58455665526
414, 6.79485688573
415, 6.90326672273
416, 6.61031318428
417, 5.60633895882
418, 4.87150669241
419, 5.16278101681
420, 5.28312620298
421, 6.89962752477
422, 9.83172704776
423, 15.3967666265
424, 19.0845747012
425, 21.0443065252
426, 23.9582018943
427, 26.0684908205
428, 27.5551069459
429, 30.5730453203
430, 33.0635509321
431, 32.5415637628
432, 29.7498987851
433, 25.8107807458
434, 22.1424684962
435, 20.5750172455
436, 18.6062661825
437, 17.4114954885
438, 16.176472788
439, 13.8303779478
440, 11.6510071686
441, 11.5201937036
442, 12.1025633029
443, 11.3832698816
444, 11.2023229663
445, 10.3507980219
446, 9.26637147432
447, 8.00112869318
448, 7.19773501944
449, 6.29356894181
450, 6.13257740606
451, 5.23861958297
452, 4.54559956132
453, 4.33054871541
454, 3.0350786984
455, 2.30002391643
456, 1.97872933284
457, 2.57123795537
458, 2.80211127511
459, 2.6815617306
460, 3.73589296875
461, 7.02145075695
462, 12.6346915647
463, 13.5193576015
464, 15.3404227086
465, 18.318104151
466, 20.7047894262
467, 23.4615358305
468, 26.3334829764
469, 29.2364273726
470, 28.5362254276
471, 26.4254165271
472, 22.5684490186
473, 22.2265837391
474, 21.6315202691
475, 20.0406406344
476, 19.3036510166
477, 16.8070582648
478, 14.8887014125
479, 13.090957765
480, 13.8723109141
481, 13.5709134586
482, 12.0946929122
483, 11.5724515303
484, 10.7087695184
485, 9.38304917723
486, 7.69366850973
487, 7.00062680382
488, 5.78527192071
489, 4.65018501742
490, 3.33441575612
491, 3.18359598568
492, 2.83214066725
493, 2.84401149984
494, 2.8542219266
495, 2.80432183399
496, 4.44102035839
497, 7.20243715349
498, 11.0184207479
499, 13.9532252266
500, 17.0874768803
501, 19.5387520552
502, 22.3412859183
503, 23.5165221558
504, 26.1175908666
505, 27.7167776107
506, 27.1143364346
507, 26.1096660467
508, 24.3919998479
509, 23.4556159036
510, 21.7902595812
511, 20.3241549579
512, 18.968504777
513, 18.0827547612
514, 16.2888525881
515, 15.8650507275
516, 16.4473824502
517, 15.0835415334
518, 13.8382255552
519, 12.5526856374
520, 11.2170370034
521, 9.55972977105
522, 8.12343969004
523, 7.0186176966
524, 6.17073882023
525, 4.97553207432
526, 3.36859119524
527, 3.02508470021
528, 2.65338743815
529, 2.37207434402
530, 3.03280314748
531, 3.04308921753
532, 3.00314707673
533, 3.34462392626
534, 7.19016611514
535, 12.706889217
536, 14.8668772317
537, 17.3807377606
538, 20.5154076554
539, 23.5689183825
540, 25.0348438461
541, 26.3929133207
542, 28.1308742348
543, 29.085063445
544, 26.3427183567
545, 22.9535120117
546, 22.4211799584
547, 20.8826817191
548, 18.97440349
549, 16.9257045382
550, 15.8429268773
551, 16.6841403969
552, 16.2524151699
553, 16.1922790373
554, 14.987434236
555, 13.5012126956
556, 12.295877161
557, 11.2812717553
558, 9.63397397947
559, 8.21779679024
560, 7.17321490638
561, 4.80288294997
562, 3.49716985655
563, 2.47264099795
564, 2.15133256009
565, 1.4884751644
566, 1.85986973411
567, 2.25153936746
568, 3.28782593604
569, 5.12753903461
570, 5.27674236597
571, 7.40579100579
572, 12.0451280514
573, 15.3935405722
574, 17.8866980386
575, 20.0369656148
576, 22.2974047469
577, 24.3059812949
578, 24.8079325933
579, 24.5548688295
580, 25.9229583398
581, 25.7118514546
582, 22.7285560808
583, 20.6856842359
584, 19.418432276
585, 18.9664764421
586, 19.2069660244
587, 18.3834518254
588, 18.7933449207
589, 18.9362995952
590, 17.980851099
591, 16.5345568545
592, 15.2789677207
593, 14.0936919528
594, 13.1191735738
595, 11.4618633809
596, 8.3081351911
597, 7.032455727
598, 5.43541164834
599, 3.73609649064
600, 2.96287627242
601, 2.78221499434
602, 2.41058414489
603, 2.10916073274
604, 2.12918364813
605, 3.52493830833
606, 3.41466516993
607, 2.89261296269
608, 2.48105658675
609, 3.07358463143
610, 3.84654616894
611, 3.87653615047
612, 4.51934844211
613, 5.9153402127
614, 5.90561456364
615, 5.43543231128
616, 6.06026498963
617, 6.92411595956
618, 8.28163712884
619, 7.68935836335
620, 6.90622621456
621, 6.67532939157
622, 6.36388608878
623, 6.84512847581
624, 7.6182929049
625, 8.0985165951
626, 7.61509651589
627, 7.28413421005
628, 5.96652113843
629, 5.96637037695
630, 6.5083272406
631, 6.49820559514
632, 6.72903346098
633, 5.51364016385
634, 5.67432705963
635, 5.21232599916
636, 5.52396317251
637, 5.57441046904
638, 6.58876963791
639, 6.93028096744
640, 6.73939922511
641, 6.9202520108
642, 6.74953096326
643, 6.77937864422
644, 6.43771295169
645, 5.6544991309
646, 5.37347847494
647, 5.0522175012
648, 4.1281964522
649, 3.74639040592
650, 3.41489665916
651, 3.57548404493
652, 3.65568464425
653, 3.22380335228
654, 3.09518922087
655, 2.91470626631
656, 2.68389065961
657, 2.46293844013
658, 2.88458201328
659, 3.72789526671
660, 4.41273530156
661, 4.39284519341
662, 4.41511348733
663, 4.33496415597
664, 4.13203982709
665, 4.36300158277
666, 4.5639034014
667, 4.55390017899
668, 4.15213438003
669, 3.47911956978
670, 2.77406265789
671, 2.58316518786
672, 2.01878832486
673, 2.13922598463
674, 1.94834769796
675, 1.93835348491
676, 2.93243515201
677, 5.74408551812
678, 7.64229096291
679, 9.02859700351
680, 9.0898876392
681, 9.16088532862
682, 10.6569194273
683, 10.9778530196
684, 11.4595512207
685, 11.6324404585
686, 12.2972651473
687, 11.2946224773
688, 11.5373307712
689, 11.3989700158
690, 12.654962729
691, 13.6615672128
692, 13.1092624491
693, 12.8380617363
694, 12.5366670629
695, 12.313777325
696, 11.0460813169
697, 10.2904486195
698, 8.69146448333
699, 7.4944468882
700, 6.37984849497
701, 5.27328373335
702, 4.45964905291
703, 4.31878685566
704, 3.89891076084
705, 4.46119529213
706, 4.24026915185
707, 3.66780854509
708, 3.81838465003
709, 3.78848110115
710, 3.59780984926
711, 3.39701471626
712, 3.59781834455
713, 4.1899919201
714, 4.98122648671
715, 5.39295394976
716, 5.58410861215
717, 5.91577333271
718, 5.82546157748
719, 6.66901578597
720, 7.18124669412
721, 7.5529753881
722, 7.24181305464
723, 6.3479916985
724, 5.49416310319
725, 4.32894951043
726, 4.73030802646
727, 5.71413393448
728, 6.15608184223
729, 7.41338077405
730, 8.4603474107
731, 9.59767645069
732, 11.7870323318
733, 12.5808919884
734, 13.4949653018
735, 16.3487009254
736, 18.1060695623
737, 17.9554157513
738, 16.8011438327
739, 14.9819811166
740, 16.1645272655
741, 18.0817210395
742, 18.4428047467
743, 19.0561533466
744, 20.2722818684
745, 19.34670525
746, 18.8139944914
747, 17.6188774176
748, 18.2237184154
749, 18.8764948762
750, 17.2190569363
751, 14.0732258114
752, 12.164848853
753, 11.5020818852
754, 10.3368980061
755, 9.54316095698
756, 7.91823512371
757, 7.60721392736
758, 7.08314613979
759, 6.11893646104
760, 5.3051605023
761, 5.11417474026
762, 4.86691839032
763, 4.42501131317
764, 4.25413964064
765, 3.46078517421
766, 3.43074998517
767, 3.71205805847
768, 3.97327774437
769, 4.57572589654
770, 5.49952656925
771, 6.365259131
772, 6.58239843746
773, 6.71323785219
774, 6.57276781252
775, 7.36598735231
776, 7.31375064197
777, 7.2736272203
778, 6.96250002679
779, 6.17924698543
780, 5.07430004704
781, 4.19835869318
782, 4.86075760739
783, 6.46726450852
784, 7.94353828708
785, 8.28535281721
786, 10.465019642
787, 11.6004967774
788, 13.7799177612
789, 15.015420295
790, 17.1747431709
791, 19.3038000366
792, 20.7096306351
793, 19.7959820929
794, 17.667468104
795, 16.6031730457
796, 16.5039873451
797, 17.8307156955
798, 17.3101479884
799, 18.3348810724
800, 19.2593183266
801, 18.588927676
802, 16.9117894797
803, 16.3295976856
804, 18.1573783295
805, 19.5327602834
806, 18.2047349679
807, 16.24441933
808, 15.991586857
809, 15.412960368
810, 13.7474757731
811, 13.717291908
812, 13.9183977265
813, 13.4568935781
814, 11.5990239393
815, 10.3232851134
816, 9.33878098495
817, 8.68757780139
818, 7.49226955491
819, 6.75503769484
820, 5.68848556049
821, 4.4813559476
822, 3.81851678123
823, 4.60191116129
824, 4.88318912226
825, 4.4313024067
826, 4.3711596147
827, 4.98169545802
828, 5.52575894551
829, 5.87091070892
830, 6.06592712424
831, 6.72903416495
832, 7.32164440824
833, 7.48236311925
834, 7.91424824212
835, 9.08124136183
836, 9.92498698199
837, 9.42297225648
838, 8.74818761604
839, 7.4688418432
840, 6.83209583349
841, 5.92791030818
842, 6.19849457357
843, 7.28267173991
844, 8.94972993978
845, 8.89802494168
846, 10.6176973608
847, 12.4078043681
848, 13.8542881161
849, 15.6017605845
850, 17.7411298563
851, 20.6132934859
852, 22.2801057146
853, 21.2060603864
854, 20.1118213744
855, 21.6001891273
856, 21.9411996578
857, 22.6416606462
858, 23.3448657206
859, 23.0143119991
860, 22.1912191631
861, 20.9255561678
862, 19.9828709652
863, 20.9064962457
864, 22.0733383993
865, 20.8102234167
866, 18.6292702664
867, 16.1890092825
868, 14.5619082327
869, 13.9689089736
870, 14.2696013597
871, 14.5604841591
872, 14.0564059453
873, 12.3797651684
874, 9.99804646885
875, 8.90950923116
876, 8.28654163085
877, 7.87435457609
878, 7.22133604307
879, 6.59865180619
880, 5.33309523837
881, 3.65573267858
882, 2.37011403572
883, 2.0890587887
884, 2.01888476313
885, 2.2096267555
886, 2.58108407653
887, 2.95265321416
888, 3.83638299016
889, 4.31861841013
890, 4.03768762109
891, 4.47952655822
892, 4.60009840756
893, 5.26286760859
894, 6.10633722399
895, 6.38762828476
896, 6.40781422901
897, 6.92201865343
898, 6.49029011344
899, 6.29142822406
900, 6.73333623559
901, 6.83367523703
902, 6.35167679647
903, 5.62862261974
904, 4.81515702884
905, 5.04585132393
906, 6.18018696686
907, 7.97548898887
908, 9.46215204983
909, 10.9993057563
910, 13.3899176098
911, 15.7119914153
912, 20.3133397114
913, 23.3788374672
914, 24.6955865548
915, 25.2586519839
916, 24.0539423707
917, 23.3701877364
918, 24.8151134121
919, 26.8411963171
920, 26.349393925
921, 25.1129686382
922, 21.7172576106
923, 21.082456443
924, 21.8953713831
925, 22.0657409528
926, 23.6363415027
927, 23.3052602775
928, 22.0096506205
929, 18.9967181639
930, 17.148999682
931, 16.1747349901
932, 16.2568190739
933, 15.6436338054
934, 16.2777484589
935, 15.5751752482
936, 13.6737244669
937, 12.157659138
938, 10.4201928683
939, 9.79693472141
940, 9.40480104126
941, 8.52095696522
942, 7.39415821114
943, 5.91771556035
944, 3.42483858174
945, 2.63135235678
946, 2.76192620214
947, 3.41467882921
948, 3.64765785529
949, 3.80837811649
950, 4.20018587043
951, 4.73261465289
952, 4.66243187157
953, 5.40538705724
954, 5.95770109751
955, 6.55221528109
956, 6.92382814168
957, 7.15693247472
958, 7.37600401238
959, 7.51661390158
960, 7.70746665983
961, 7.39629817209
962, 7.47670718378
963, 6.54265127105
964, 5.74917592948
965, 4.90341700406
966, 4.1299952696
967, 4.04735431703
968, 5.2821859953
969, 7.01938651665
970, 8.266950877
971, 9.72385829984
972, 12.3374129038
973, 14.7399135847
974, 16.762655303
975, 19.4461596699
976, 21.2343434473
977, 20.6724608431
978, 19.9793211424
979, 19.2880241497
980, 19.7795072979
981, 20.423797008
982, 18.536193936
983, 18.4540225112
984, 18.4100454255
985, 17.9779774927
986, 18.7408926924
987, 19.9485310203
988, 19.9388231513
989, 20.5693680842
990, 19.0610703288
991, 17.0002840428
992, 16.8877467422
993, 15.9836107778
994, 15.9930111783
995, 16.092950962
996, 15.4825207176
997, 15.4911149569
998, 14.9393258248
999, 13.1518283269
1000, 13.7339605053
1001, 13.7339166004
1002, 13.5046953768
1003, 11.9982853234
1004, 10.0098584996
1005, 8.00892573959
1006, 6.45997419021
1007, 5.1642512325
1008, 4.69218376696
1009, 4.40102022773
1010, 3.0854150608
1011, 3.10547903006
1012, 3.66567582643
1013, 4.44902782347
1014, 5.53565391019
1015, 6.16852460359
1016, 6.38983934898
1017, 6.55069843561
1018, 6.21944253775
1019, 6.59086521344
1020, 8.00845359809
1021, 8.74148243074
1022, 8.80172227887
1023, 8.70367231607
1024, 8.07943568579
1025, 7.6776766622
1026, 7.08513416995
1027, 7.53676726422
1028, 8.46053045767
1029, 8.31187270023
1030, 6.75329654079
1031, 6.4420520696
1032, 8.10056633385
1033, 11.251446636
1034, 13.641814738
1035, 15.3419013078
1036, 18.8477047005
1037, 21.2303212712
1038, 22.8111021908
1039, 24.3960572381
1040, 26.5878256627
1041, 28.0743030414
1042, 27.5095641234
1043, 24.7175843763
1044, 25.3397458229
1045, 24.2132014552
1046, 24.1223426008
1047, 23.4573916527
1048, 23.0722509575
1049, 23.5341634392
1050, 22.8496364781
1051, 21.9861360713
1052, 23.2126121003
1053, 23.6044982727
1054, 21.0536302092
1055, 19.9493558973
1056, 17.8623760634
1057, 16.365377517
1058, 15.8825737792
1059, 15.0386409904
1060, 15.4907374483
1061, 15.9228375473
1062, 12.9585289832
1063, 12.4063791853
1064, 12.9424837545
1065, 13.4245620335
1066, 12.7795247558
1067, 11.8958298082
1068, 10.3292660173
1069, 8.82252598763
1070, 7.26553544986
1071, 5.45769206481
1072, 4.88519907931
1073, 4.45325574993
1074, 3.32442258715
1075, 3.26402821398
1076, 2.8020652148
1077, 2.80223307225
1078, 2.96299352184
1079, 3.06336704743
1080, 3.26405777103
1081, 4.10759691364
1082, 5.07171506931
1083, 4.80081073565
1084, 4.61025069577
1085, 4.77093590503
1086, 5.82717188921
1087, 7.15251904318
1088, 8.46813459162
1089, 9.16151410068
1090, 9.43507318667
1091, 10.0678637157
1092, 10.3610571854
1093, 10.4716570102
1094, 11.4156513016
1095, 12.2631775385
1096, 11.1164301784
1097, 10.6079037751
1098, 9.2824334478
1099, 8.45902065454
1100, 7.64331689078
1101, 7.26532885718
1102, 9.52612556971
1103, 11.7455149408
1104, 12.5694798695
1105, 13.0302136998
1106, 15.8328040333
1107, 16.3412529211
1108, 19.5062851987
1109, 20.109427034
1110, 22.7106556124
1111, 23.7330250958
1112, 21.2386474447
1113, 20.3846851557
1114, 19.3705568115
1115, 18.8361949382
1116, 16.6665380162
1117, 17.1282013321
1118, 15.9748652701
1119, 16.408909556
1120, 15.0431463923
1121, 14.7641035988
1122, 15.1980831714
1123, 14.5250759199
1124, 14.9267619382
1125, 14.9970903309
1126, 15.6498256588
1127, 15.0671538144
1128, 14.801942024
1129, 15.5150368545
1130, 15.9690156881
1131, 14.6699069356
1132, 13.2422676662
1133, 12.3284289922
1134, 11.6952844035
1135, 10.9032541336
1136, 10.8625254212
1137, 9.60937530952
1138, 7.74170428568
1139, 6.11279618377
1140, 4.48378178598
1141, 4.13201196679
1142, 4.74437408638
1143, 5.78065638216
1144, 5.73049956039
1145, 5.39725692061
1146, 4.49353752102
1147, 4.61223826988
1148, 5.50582696567
1149, 6.27082769173
1150, 7.6767283035
1151, 7.66710341043
1152, 7.70754602044
1153, 7.37622112623
1154, 6.73360055682
1155, 8.48042309485
1156, 11.4525831246
1157, 14.4855715893
1158, 15.76149408
1159, 15.9012631247
1160, 16.0244729154
1161, 16.7076231144
1162, 16.0546551329
1163, 15.9819036277
1164, 17.1285281665
1165, 16.435095653
1166, 14.4762491847
1167, 11.3732898145
1168, 9.17426753087
1169, 8.52148627565
1170, 11.8423969672
1171, 13.4189073235
1172, 15.2070418544
1173, 14.67609537
1174, 13.9522486389
1175, 13.9818157345
1176, 15.2880535957
1177, 17.5471709848
1178, 20.188599505
1179, 20.8323582656
1180, 15.9221080192
1181, 13.8634161022
1182, 14.3948906525
1183, 14.5773462299
1184, 14.336153625
1185, 15.0810540703
1186, 14.0548011569
1187, 13.1004508095
1188, 11.4835430878
1189, 11.3334792483
1190, 12.4283280403
1191, 13.2516771105
1192, 11.0422360882
1193, 11.6427457713
1194, 12.5586030065
1195, 11.9035006868
1196, 11.1701569358
1197, 10.4693348924
1198, 9.72850442415
1199, 9.20632465596
1200, 8.49309202275
1201, 8.1011367405
1202, 8.70359081937
1203, 10.0288817328
1204, 11.3122824746
1205, 10.5614971791
1206, 10.0598837772
1207, 9.54626396772
1208, 9.60458262625
1209, 9.16221336944
1210, 8.72001896407
1211, 8.39846539385
1212, 8.01676243022
1213, 5.99993601108
1214, 3.81047561386
1215, 3.33653222345
1216, 3.33644975415
1217, 4.33044189117
1218, 4.50125394407
1219, 4.41117569661
1220, 4.92352446231
1221, 5.66665477945
1222, 5.32522457624
1223, 6.28703976402
1224, 8.93809100398
1225, 11.2078658878
1226, 12.5036121204
1227, 12.2030445911
1228, 12.7662095038
1229, 13.8409008267
1230, 13.2382169309
1231, 12.9063599728
1232, 14.061103092
1233, 13.9906111043
1234, 12.8051186596
1235, 10.6963719458
1236, 9.06977969078
1237, 8.1861461101
1238, 7.48299850129
1239, 8.72743877983
1240, 10.0730146624
1241, 11.2380010142
1242, 10.6260142848
1243, 10.154616344
1244, 9.7527641829
1245, 11.4014144329
1246, 12.6164135756
1247, 15.3980573843
1248, 16.0113709672
1249, 13.6419232315
1250, 12.8586622846
1251, 13.6634574764
1252, 15.6834158885
1253, 16.3199572346
1254, 16.81253913
1255, 16.5320012284
1256, 17.6165351934
1257, 16.1720365468
1258, 16.0316942317
1259, 17.1688325202
1260, 17.5506016346
1261, 14.9974730578
1262, 12.845954885
1263, 11.7874350462
1264, 10.2708004056
1265, 8.75204081455
1266, 7.54644869848
1267, 7.07232581805
1268, 7.83544042826
1269, 8.02444045334
1270, 8.32607422498
1271, 9.06949542472
1272, 10.5055712664
1273, 12.0621294962
1274, 12.7352155294
1275, 13.3219102164
1276, 13.1011198594
1277, 12.3380104687
1278, 10.7409911135
1279, 9.46539165942
1280, 8.18983445182
1281, 7.23545935307
1282, 5.40739363505
1283, 3.65979480968
1284, 3.42861981998
1285, 3.28394198327
1286, 2.68138395757
1287, 2.86231494314
1288, 2.86262537277
1289, 3.63588232965
1290, 5.44324469605
1291, 6.32704723388
1292, 8.6769170316
1293, 12.3023288309
1294, 13.8696168774
1295, 14.7439045863
1296, 15.2368144129
1297, 16.1812776414
1298, 17.3861138761
1299, 16.8536033508
1300, 16.5619063166
1301, 17.7065609794
1302, 16.9130878445
1303, 14.331952427
1304, 12.775717889
1305, 11.4604949419
1306, 10.4762376134
1307, 9.20046384613
1308, 9.47097717326
1309, 11.3304132888
1310, 12.063355889
1311, 10.8104584495
1312, 10.8611324695
1313, 10.0984623534
1314, 10.7209807728
1315, 11.3051818681
1316, 12.4519718325
1317, 12.5123755479
1318, 12.0101196921
1319, 11.6161375306
1320, 13.1037364985
1321, 15.8833976824
1322, 16.2858677195
1323, 17.1847926639
1324, 17.4064875912
1325, 17.5954583702
1326, 16.930211965
1327, 17.685016956
1328, 17.2430898493
1329, 15.5257184426
1330, 12.2192036611
1331, 8.76422746918
1332, 7.20729207209
1333, 6.90364905292
1334, 6.29291333137
1335, 6.82506246232
1336, 7.9921024394
1337, 9.06484769269
1338, 10.3605619886
1339, 12.0280561502
1340, 12.633028318
1341, 13.9186699198
1342, 14.5916305999
1343, 14.1477802816
1344, 14.1054682156
1345, 13.5931453118
1346, 12.1650879777
1347, 10.1965573228
1348, 8.60970111429
1349, 7.2939257094
1350, 6.47819470011
1351, 5.18246145247
1352, 4.29868176878
1353, 4.24842814753
1354, 3.43692175213
1355, 2.55308549718
1356, 2.96478544246
1357, 3.65770269885
1358, 3.93886589247
1359, 3.71808744072
1360, 4.54163528175
1361, 7.15236745099
1362, 9.97408321052
1363, 11.902495202
1364, 15.797518382
1365, 19.5141161633
1366, 21.7041290849
1367, 22.3575806409
1368, 23.0330791507
1369, 24.180113557
1370, 23.5370478564
1371, 21.959504675
1372, 20.4124084959
1373, 19.5685807397
1374, 17.2422038685
1375, 13.6471373295
1376, 11.2471392934
1377, 9.85129462075
1378, 8.593781836
1379, 7.48657651605
1380, 7.33567052127
1381, 6.56217217412
1382, 5.05572340023
1383, 3.67987539894
1384, 3.19758813587
1385, 4.83625320551
1386, 6.33650339697
1387, 8.13446401999
1388, 8.4386268355
1389, 8.72039482415
1390, 9.20247289383
1391, 10.326794535
1392, 12.3247163599
1393, 14.4235475879
1394, 14.6008650992
1395, 13.9104033586
1396, 13.3241855486
1397, 12.4404605224
1398, 13.173397345
1399, 13.2336401285
1400, 14.309958107
1401, 14.1189697037
1402, 13.4360181815
1403, 12.8835555234
1404, 12.8035387699
1405, 12.8097390727
1406, 13.1912621381
1407, 13.3721916014
1408, 13.4103703196
1409, 13.4306190302
1410, 11.8721050296
1411, 10.7571915137
1412, 11.098094837
1413, 12.0012525587
1414, 10.8767800148
1415, 10.6561048535
1416, 9.87319581457
1417, 9.9054221198
1418, 9.50326499135
1419, 9.42292604815
1420, 9.79467953977
1421, 9.73450740717
1422, 9.09140402627
1423, 7.2031074652
1424, 7.48443225314
1425, 6.94212837802
1426, 6.51040429189
1427, 5.65478111678
1428, 5.11238176039
1429, 4.77288051439
1430, 4.34097501447
1431, 4.16014384371
1432, 3.19589545704
1433, 3.4667756514
1434, 4.0511214454
1435, 3.85041133871
1436, 4.97512184147
1437, 7.40743124405
1438, 9.94023752634
1439, 13.1017233469
1440, 15.4223562909
1441, 17.5723955255
1442, 18.9508337638
1443, 19.0113661917
1444, 18.9691357073
1445, 19.5915669183
1446, 18.5669532976
1447, 16.8472555848
1448, 14.8766819822
1449, 12.1548988673
1450, 10.0056119588
1451, 8.22794552609
1452, 8.05685506662
1453, 7.18312366164
1454, 6.79140551769
1455, 6.44996393626
1456, 7.31357997178
1457, 8.04640941077
1458, 8.13894297893
1459, 7.76782304111
1460, 8.32039738171
1461, 8.72213668744
1462, 9.51293277553
1463, 11.8243901557
1464, 11.9153674904
1465, 11.9059150808
1466, 11.3357839489
1467, 10.4519709807
1468, 11.0337962838
1469, 11.6964853489
1470, 11.505888375
1471, 11.5762969353
1472, 10.4112890826
1473, 8.20981538516
1474, 8.33020063948
1475, 8.76198075537
1476, 8.83221797315
1477, 8.73173839859
1478, 7.83608866321
1479, 7.4847042244
1480, 7.54684918723
1481, 7.58682311664
1482, 7.50636573926
1483, 7.77763758814
1484, 7.81789701083
1485, 7.26563985144
1486, 6.28958354457
1487, 7.3657279334
1488, 8.99438201109
1489, 9.1893866084
1490, 9.27802513301
1491, 9.66006883259
1492, 11.889311167
1493, 12.2106698779
1494, 11.628551208
1495, 11.6993148137
1496, 12.3323089013
1497, 11.5262485506
1498, 9.6658487728
1499, 9.28034529966
1500, 8.6176476472
1501, 7.52294819392
1502, 4.90132822089
1503, 4.53957736161
1504, 4.59988067336
1505, 4.34885600916
1506, 3.76649907215
1507, 2.76222811027
1508, 2.53118023412
1509, 2.58120987632
1510, 2.73171376767
1511, 2.74175612338
1512, 2.74176436151
1513, 3.36431999364
1514, 3.97696392574
1515, 5.30252435276
1516, 6.36733496098
1517, 6.37799185693
1518, 6.41844404289
1519, 6.52889133676
1520, 6.80175070595
1521, 7.21311410003
1522, 7.36370490031
1523, 6.39980416142
1524, 5.48607733358
1525, 4.00967725395
1526, 3.62776070591
1527, 4.60167843965
1528, 4.86285666553
1529, 4.36096994257
1530, 3.79682146157
1531, 4.60194671847
1532, 6.16199436314
1533, 6.53373794869
1534, 6.52428246086
1535, 7.01885804223
1536, 7.12937839673
1537, 8.21319852539
1538, 9.38793579887
1539, 11.1758336774
1540, 11.7188354752
1541, 11.55643831
1542, 10.4797823967
1543, 11.1022834219
1544, 12.2671267018
1545, 12.8878400121
1546, 12.6872117854
1547, 11.4117151433
1548, 10.3271142201
1549, 10.4371459323
1550, 10.9411586449
1551, 10.5495552797
1552, 10.3167480903
1553, 9.59400032663
1554, 9.21226726014
1555, 8.75001765572
1556, 8.97086469148
1557, 9.0431197211
1558, 9.57544840206
1559, 8.72175589688
1560, 8.13739868085
1561, 7.34418289858
1562, 8.45858149423
1563, 9.08120726705
1564, 8.94064795535
1565, 9.8263029393
1566, 10.489457009
1567, 12.5158249139
1568, 12.2469182804
1569, 11.6951224299
1570, 11.9063173948
1571, 12.1174054411
1572, 10.7429088685
1573, 9.86882841666
1574, 9.47720118035
1575, 8.0188763364
1576, 6.81360993496
1577, 4.1721084015
1578, 4.02938729403
1579, 3.71810667033
1580, 3.15573200417
1581, 2.96496327145
1582, 2.82228505675
1583, 3.50498475308
1584, 3.82634670048
1585, 5.45311332579
1586, 6.61823940154
1587, 7.09267612344
1588, 8.66525963542
1589, 10.4932437955
1590, 12.7428401087
1591, 15.0526799007
1592, 15.9270963548
1593, 17.11240396
1594, 18.6490732445
1595, 19.0827615554
1596, 19.0526183641
1597, 19.8041222608
1598, 19.0570998572
1599, 17.1592239208
1600, 14.7487647527
1601, 12.5390422097
1602, 12.608783913
1603, 11.58383981
1604, 9.6355244424
1605, 7.35407069285
1606, 5.95838309392
1607, 5.35547066016
1608, 5.52356045341
1609, 6.03576189096
1610, 6.15668095195
1611, 6.15710459641
1612, 6.24729900648
1613, 5.77503375423
1614, 6.51802484373
1615, 7.5023784095
1616, 8.00495333709
1617, 8.64141581507
1618, 8.39019882921
1619, 9.11334585449
1620, 10.1177709862
1621, 10.7006278048
1622, 9.98766657742
1623, 9.63624376984
1624, 9.04364395972
1625, 8.56136088042
1626, 8.38244795555
1627, 7.47438052917
1628, 6.58050176602
1629, 5.72685082142
1630, 5.11616692491
1631, 4.76665563782
1632, 4.82679251558
1633, 5.14819888612
1634, 5.82105896162
1635, 5.93557968717
1636, 6.15468604029
1637, 5.90371704307
1638, 6.46604799261
1639, 7.34959206508
1640, 7.79949532949
1641, 9.15322535104
1642, 10.4889907378
1643, 12.0960411211
1644, 12.3876138135
1645, 14.8642589538
1646, 14.724372428
1647, 15.3673262314
1648, 15.7086227076
1649, 16.3431523181
1650, 15.8910621569
1651, 15.2861548162
1652, 14.1715587075
1653, 12.0828354304
1654, 11.1887874773
1655, 8.26608513261
1656, 8.12540171019
1657, 7.21123097061
1658, 6.6284974662
1659, 5.55169462494
1660, 5.95340074956
1661, 6.11812810847
1662, 7.55413774671
1663, 9.82594674545
1664, 10.3286083991
1665, 12.6386561873
1666, 14.2057751311
1667, 16.4754786469
1668, 18.0620333711
1669, 19.1489640557
1670, 19.9727870243
1671, 21.1176245673
1672, 21.1375798106
1673, 21.2277899747
1674, 22.3227293126
1675, 21.8509577369
1676, 22.2627710583
1677, 20.1038886956
1678, 18.2961485591
1679, 17.8619382755
1680, 17.3494499787
1681, 15.2581435411
1682, 12.7876316353
1683, 10.5764730362
1684, 10.5959745348
1685, 9.96277310378
1686, 7.70322264621
1687, 8.21574414647
1688, 8.32664474262
1689, 7.61336585454
1690, 7.64489242437
1691, 9.83393141466
1692, 10.1860072987
1693, 11.2206899906
1694, 10.3792570859
1695, 10.1584416279
1696, 11.3030297463
1697, 11.5842324047
1698, 11.2832606761
1699, 10.5502263998
1700, 10.4876885796
1701, 8.53906878791
1702, 8.69353746511
1703, 8.27164142234
1704, 7.86816040585
1705, 7.28567272358
1706, 7.01436897532
1707, 6.67298239979
1708, 8.00045181949
1709, 8.86420988356
1710, 8.91642791105
1711, 9.58133983111
1712, 9.98942548752
1713, 10.5838668392
1714, 11.0960645195
1715, 11.5380849544
1716, 12.9036541499
1717, 14.7113154217
1718, 17.8421866061
1719, 18.5578502253
1720, 20.165312227
1721, 23.347074831
1722, 22.4143331812
1723, 21.2474536726
1724, 21.4802261307
1725, 21.2794248461
1726, 19.5911974731
1727, 17.7227816861
1728, 13.4044226925
1729, 12.0967732013
1730, 9.7946012861
1731, 5.93774238277
1732, 6.56039025222
1733, 7.29345598579
1734, 7.52227086785
1735, 8.28753447611
1736, 9.7939747878
1737, 13.5034675957
1738, 17.8721153323
1739, 20.0380410445
1740, 20.4410150735
1741, 22.2615219096
1742, 24.1496245522
1743, 25.4564472517
1744, 26.6628968963
1745, 27.1253350692
1746, 26.8445843149
1747, 24.6712433739
1748, 22.5337773269
1749, 22.2062918737
1750, 23.2125988543
1751, 22.4977834923
1752, 21.1221801519
1753, 19.3426675166
1754, 16.7494513872
1755, 15.483691184
1756, 14.1777592916
1757, 12.7713611043
1758, 10.188254099
1759, 8.00897278685
1760, 6.07867594177
1761, 5.68652730107
1762, 5.91714976118
1763, 6.09997848538
1764, 8.24100005506
1765, 8.03883302026
1766, 8.61548550753
1767, 8.97701820335
1768, 9.32887777856
1769, 9.67219852856
1770, 10.846948098
1771, 11.2202605287
1772, 12.1538347814
1773, 12.6743484558
1774, 10.6362291106
1775, 10.2752223676
1776, 9.6185231544
1777, 9.69829257154
1778, 9.80839668097
1779, 10.0473821891
1780, 9.72605964107
1781, 8.65966310383
1782, 7.26350727735
1783, 6.62073032908
1784, 6.46829999663
1785, 7.10094314246
1786, 9.42033476224
1787, 9.11917646905
1788, 9.61145993393
1789, 9.60389502993
1790, 9.53397971043
1791, 10.1662846726
1792, 9.82464155294
1793, 10.6781327365
1794, 12.4054234162
1795, 14.2672287065
1796, 14.9698879456
1797, 16.6796482417
1798, 18.096332141
1799, 17.4928465473
1800, 16.9108203816
1801, 16.3299439776
1802, 16.660730849
1803, 15.7662158777
1804, 14.6310454676
1805, 12.9800798139
1806, 10.2886026767
1807, 8.18959186819
1808, 6.4520734587
1809, 7.36599200272
1810, 7.83796138127
1811, 9.28375156456
1812, 11.3623717789
1813, 12.8590168496
1814, 13.8336254419
1815, 13.9950601762
1816, 15.6844245992
1817, 18.8052593273
1818, 19.7293367473
1819, 19.6594976739
1820, 21.1681991943
1821, 21.5297365948
1822, 21.3622763504
1823, 21.8440971296
1824, 22.3065666675
1825, 22.5382101574
1826, 22.9899543561
1827, 22.2082772213
1828, 22.5999543026
1829, 23.495928165
1830, 22.3696399851
1831, 19.9375998444
1832, 17.1514566017
1833, 14.6503155108
1834, 12.5407556488
1835, 11.2246643143
1836, 8.65136191457
1837, 6.82521092649
1838, 5.03760280601
1839, 3.29827074608
1840, 3.3402719925
1841, 5.01929490403
1842, 6.80675919272
1843, 8.58444784352
1844, 9.0672673952
1845, 9.88125731264
1846, 10.945776051
1847, 10.2790385959
1848, 10.7407777488
1849, 12.1666641879
1850, 11.8433901285
1851, 10.52569801
1852, 8.84863932325
1853, 7.26197080311
1854, 6.7697094118
1855, 6.39774460209
1856, 5.72463595496
1857, 5.96766061158
1858, 5.81708866751
1859, 4.83298395362
1860, 4.46146039655
1861, 5.25464044453
1862, 5.93954046491
1863, 5.66863783715
1864, 6.97605542015
1865, 10.2956098226
1866, 11.2097073637
1867, 11.6801869357
1868, 11.9020061458
1869, 12.6979549749
1870, 13.8523549358
1871, 13.6108530971
1872, 14.2354123324
1873, 16.4348723147
1874, 18.2002133249
1875, 15.3523371989
1876, 14.0071935964
1877, 13.4051268606
1878, 13.387027293
1879, 12.7415943154
1880, 12.208633417
1881, 12.4515501849
1882, 12.437583739
1883, 11.0537822471
1884, 8.32224597927
1885, 7.65959978586
1886, 8.46289711159
1887, 9.47688921751
1888, 9.83631147529
1889, 10.7100817894
1890, 11.945394487
1891, 12.57829336
1892, 13.0824785728
1893, 14.3360777897
1894, 17.0697952961
1895, 19.8818189967
1896, 21.1394318367
1897, 20.93922987
1898, 22.1848591085
1899, 22.676972012
1900, 21.3511201658
1901, 20.645899001
1902, 21.2763615044
1903, 20.8966609968
1904, 19.8497590205
1905, 17.3995876229
1906, 16.2731623399
1907, 16.4538510848
1908, 14.6279303626
1909, 12.6694135299
1910, 11.7655341955
1911, 10.6105696311
1912, 8.0491799962
1913, 6.82149207908
1914, 6.4092003328
1915, 7.18242477002
1916, 6.51184899253
1917, 5.13649812898
1918, 5.6268780682
1919, 7.2033418848
1920, 8.35793522386
1921, 9.76387682416
1922, 10.2866963108
1923, 10.3794840827
1924, 9.45537005891
1925, 8.60153896282
1926, 8.51905920771
1927, 9.85456078717
1928, 9.30237283055
1929, 7.78601065712
1930, 6.63110707749
1931, 5.49624365631
1932, 5.43570126422
1933, 5.33301577411
1934, 5.23442106497
1935, 5.14413377147
1936, 5.32501323461
1937, 4.58184205042
1938, 5.21451084969
1939, 8.73899189883
1940, 9.4324130103
1941, 10.4772445037
1942, 12.1346341261
1943, 16.436773341
1944, 21.0839337496
1945, 24.3882839251
1946, 27.8762204922
1947, 33.7419583057
1948, 37.6713559038
1949, 39.7820670152
1950, 40.7274068515
1951, 39.7748575042
1952, 37.6660839591
1953, 33.4532176331
1954, 28.5305129714
1955, 24.9040021158
1956, 22.1396227084
1957, 16.9591023609
1958, 13.5221748152
1959, 9.33402005061
1960, 8.1594945165
1961, 9.07555564619
1962, 10.3309373365
1963, 10.531838539
1964, 10.7225552275
1965, 11.6766514788
1966, 11.8472542291
1967, 12.0117025981
1968, 12.4534603261
1969, 12.6224429672
1970, 14.3299054106
1971, 16.2560248697
1972, 17.7827269738
1973, 18.5565645296
1974, 20.4569151054
1975, 20.9514289958
1976, 21.6442122245
1977, 22.2003942755
1978, 22.0598676801
1979, 22.2105375335
1980, 22.2606416233
1981, 21.3566242273
1982, 20.4828507262
1983, 19.7741458168
1984, 17.4826815581
1985, 15.7735176724
1986, 13.6942528974
1987, 11.8357061262
1988, 10.0074611267
1989, 9.14334292807
1990, 8.4198943933
1991, 7.36534621583
1992, 5.65837011346
1993, 4.8514952704
1994, 5.39390385635
1995, 6.5987131965
1996, 7.94397927942
1997, 8.04660781389
1998, 8.38853140947
1999, 7.86652036445
2000, 7.3440506596
2001, 7.44398422804
2002, 7.47425066708
2003, 7.90638313837
2004, 7.20363354777
2005, 6.20938487594
2006, 5.21471805974
2007, 5.65439978268
2008, 5.78492227368
2009, 5.8050571266
2010, 5.72468952174
2011, 5.48360071596
2012, 6.60831889488
2013, 8.27530341251
2014, 9.47074807795
2015, 10.8167841379
2016, 12.4156982049
2017, 13.5727858451
2018, 15.9265514988
2019, 19.5839160672
2020, 20.8298595763
2021, 21.40293454
2022, 20.0179833803
2023, 17.9394968554
2024, 16.8642947766
2025, 15.337028242
2026, 13.4261968046
2027, 11.6463662223
2028, 9.25204981364
2029, 6.52987267056
2030, 5.33465029683
2031, 4.33048212555
2032, 4.98361597307
2033, 6.04839951646
2034, 7.3839070996
2035, 8.64922570812
2036, 9.50304071389
2037, 10.228473579
2038, 10.5802088701
2039, 9.86513071537
2040, 9.90506598224
2041, 10.9291732955
2042, 12.4273783044
2043, 13.2007630091
2044, 14.1549283587
2045, 15.8925243698
2046, 16.5357896638
2047, 18.5926582833
2048, 20.5311477359
2049, 22.8832975786
2050, 24.4801285946
2051, 24.199475885
2052, 23.5952142848
2053, 24.0308239225
2054, 23.4499920677
2055, 22.1359631249
2056, 21.0716841068
2057, 18.4708906973
2058, 15.7090324568
2059, 12.7539770442
2060, 10.2125256602
2061, 9.3704266126
2062, 9.40012686017
2063, 9.07650043736
2064, 7.71903472705
2065, 6.33160246627
2066, 5.7295472744
2067, 5.91031702392
2068, 6.55257641791
2069, 6.92387868753
2070, 7.15489547569
2071, 6.70117728627
2072, 6.06831702887
2073, 4.80073780555
2074, 5.01153649467
2075, 5.14420302144
2076, 5.4457863966
2077, 5.2048621184
2078, 5.73682600379
2079, 6.47977701505
2080, 7.01206209042
2081, 7.39397304243
2082, 7.23356450329
2083, 7.65535951579
2084, 7.70542333627
2085, 8.59709006497
2086, 9.60341986421
2087, 10.8890636594
2088, 12.0960401501
2089, 13.38351814
2090, 13.8880578348
2091, 14.5011363115
2092, 14.0598115381
2093, 13.0456052945
2094, 12.2317661151
2095, 11.9699779615
2096, 10.8931512387
2097, 9.96900071988
2098, 8.4604608776
2099, 6.77527225438
2100, 6.57226078772
2101, 6.49190372208
2102, 7.7875029816
2103, 8.66146894206
2104, 9.73623310371
2105, 9.90700640971
2106, 10.8812824136
2107, 11.1022809892
2108, 11.4336268327
2109, 11.9820196135
2110, 12.0623218323
2111, 12.7350524359
2112, 12.4639942154
2113, 13.0968126473
2114, 14.0508216268
2115, 15.9989377358
2116, 17.8808799302
2117, 18.6346918266
2118, 19.850262144
2119, 20.0616914138
2120, 20.6140481279
2121, 19.7702635289
2122, 19.9208048555
2123, 19.9607789677
2124, 19.3580244743
2125, 18.1645565429
2126, 15.8609595914
2127, 15.2686523882
2128, 14.2039581498
2129, 14.2057725815
2130, 13.0005198691
2131, 12.4583340696
2132, 12.0565903925
2133, 12.1767945875
2134, 12.2688008713
2135, 11.7645409073
2136, 11.9457872227
2137, 11.0726346429
2138, 9.88762571379
2139, 9.26257511616
2140, 8.94096302872
2141, 11.0894266873
2142, 10.5875055614
2143, 12.0434707927
2144, 12.5337844346
2145, 12.1749175503
2146, 11.8037230789
2147, 12.6276463989
2148, 14.515362938
2149, 15.6013156832
2150, 16.3646542866
2151, 15.0411937717
2152, 15.0317256056
2153, 12.82211149
2154, 12.1888716353
2155, 13.2510207643
2156, 14.8477221012
2157, 16.6293655489
2158, 16.3988274575
2159, 15.7244905215
2160, 15.1223962579
2161, 13.9857790064
2162, 13.5536919232
2163, 12.548996931
2164, 11.112402813
2165, 10.3785749401
2166, 9.53471654422
2167, 8.80742329867
2168, 8.41595382487
2169, 9.23979911015
2170, 10.20431146
2171, 11.1788455559
2172, 12.3740247364
2173, 13.247939295
2174, 14.1919077528
2175, 13.6493670232
2176, 13.5387693532
2177, 12.2934011209
2178, 11.7610635093
2179, 10.2646598875
2180, 9.8729800924
2181, 10.7564322727
2182, 10.7965559759
2183, 10.9473918113
2184, 10.3351823339
2185, 10.8474334066
2186, 11.178603244
2187, 11.0881726394
2188, 12.1925576819
2189, 13.7292216697
2190, 14.613161281
2191, 15.7999065964
2192, 15.471154244
2193, 15.4957003521
2194, 16.3394361043
2195, 15.1645987051
2196, 13.5674542809
2197, 12.9646238228
2198, 11.4679517707
2199, 10.4248274614
2200, 9.28973935459
2201, 6.58625466615
2202, 6.3333785135
2203, 5.69695328889
2204, 5.48978735935
2205, 6.02193435616
2206, 6.3937195497
2207, 6.79555075255
2208, 6.48432018044
2209, 5.46796792689
2210, 5.19655519903
2211, 5.46757500766
2212, 5.18828420503
2213, 9.03388766792
2214, 13.6008440699
2215, 14.1863600266
2216, 15.2942004199
2217, 16.3701664357
2218, 18.0395984918
2219, 18.7437634232
2220, 22.9624965787
2221, 23.2965456022
2222, 23.556315337
2223, 20.6860262437
2224, 16.3657613442
2225, 15.6201657275
2226, 16.3404533738
2227, 16.5715176151
2228, 15.1136178884
2229, 14.2281740436
2230, 9.57637818364
2231, 8.6101359418
2232, 7.85634170414
2233, 7.31344413828
2234, 7.04208029892
2235, 7.82533499858
2236, 7.46370531659
2237, 7.28714592756
2238, 8.71546132651
2239, 10.2442970164
2240, 11.3493826853
2241, 12.3839802217
2242, 13.6514003089
2243, 14.0410139978
2244, 14.0409356457
2245, 13.5005837343
2246, 12.6268453069
2247, 12.6528090107
2248, 12.1203607651
2249, 11.2447653127
2250, 10.2206799529
2251, 9.28689557416
2252, 8.86278666488
2253, 9.59719093098
2254, 11.1131944845
2255, 12.5694946711
2256, 13.2450061918
2257, 12.7737275096
2258, 12.6314661628
2259, 13.4046761591
2260, 13.886647283
2261, 15.0011966793
2262, 15.5634895265
2263, 14.8684937854
2264, 13.0707733662
2265, 11.1607716496
2266, 10.2148001509
2267, 10.1442539522
2268, 10.2864137598
2269, 9.53316305355
2270, 9.90486360443
2271, 9.27436656788
2272, 9.00311861352
2273, 8.86231085724
2274, 8.59327023405
2275, 8.7841434542
2276, 8.95490738001
2277, 8.03105159632
2278, 6.69325783787
2279, 6.1107273384
2280, 5.8714591468
2281, 7.88131334219
2282, 11.9496788813
2283, 15.1253453305
2284, 16.34198623
2285, 17.6791422472
2286, 17.9414009875
2287, 20.8532955874
2288, 22.097997222
2289, 23.9958844355
2290, 23.6629650648
2291, 21.0583174808
2292, 15.8637785206
2293, 11.5729410072
2294, 10.0037545423
2295, 8.07505274374
2296, 7.62289263526
2297, 5.39309226541
2298, 5.6339134326
2299, 5.53332470906
2300, 7.26084887492
2301, 9.09909074024
2302, 10.9875639083
2303, 12.9321387301
2304, 14.8223744278
2305, 16.5116937193
2306, 17.7891641203
2307, 17.8798611401
2308, 17.7392470159
2309, 18.0402127296
2310, 17.6885500079
2311, 16.1119931963
2312, 14.8788338393
2313, 13.0152319406
2314, 11.7976971274
2315, 11.051866486
2316, 9.40272237129
2317, 11.1095603708
2318, 12.0836585143
2319, 12.0737349838
2320, 11.4213815311
2321, 11.5830042313
2322, 11.1093753382
2323, 11.4224471359
2324, 11.4158171396
2325, 11.3249429307
2326, 12.590106401
2327, 10.2703956978
2328, 8.18165910009
2329, 6.4482190113
2330, 5.63472458413
2331, 6.18665086007
2332, 6.44765235335
2333, 6.64861163271
2334, 6.39369053861
2335, 6.49410646376
2336, 5.40136302056
2337, 5.63237207821
2338, 7.37959036681
2339, 8.11891653297
2340, 8.42041489532
2341, 8.47075249711
2342, 10.0394895599
2343, 14.184441117
2344, 20.980396647
2345, 25.9278723335
2346, 27.4987057836
2347, 30.3847257984
2348, 31.4401528444
2349, 35.1228883194
2350, 36.2170636673
2351, 35.5348034488
2352, 33.4646425188
2353, 28.6840665807
2354, 21.4338644989
2355, 16.4571550988
2356, 15.3379460232
2357, 13.4877544079
2358, 12.1720574732
2359, 9.16129033741
2360, 9.03094707754
2361, 11.7022940889
2362, 13.8216810595
2363, 16.3627280519
2364, 17.9499684721
2365, 19.2136933703
2366, 19.0734298053
2367, 17.8583649183
2368, 17.4663343028
2369, 16.3112122314
2370, 14.8246517828
2371, 12.4742567017
2372, 10.9678051092
2373, 9.27223851829
2374, 9.86416708939
2375, 8.39807361304
2376, 8.9807299887
2377, 11.2222515494
2378, 11.6764529374
2379, 12.3012093212
2380, 12.2917346593
2381, 12.5130117494
2382, 13.4868202156
2383, 14.3881732753
2384, 13.8053455858
2385, 13.6953392072
2386, 13.3964073097
2387, 11.8879582585
2388, 11.3032366462
2389, 12.2366750982
2390, 12.8998132236
2391, 14.2154202606
2392, 14.386273357
2393, 13.0209273816
2394, 13.5628763523
2395, 14.308187441
2396, 16.4971260121
2397, 20.4853246723
2398, 21.1791805314
2399, 20.9770566468
2400, 23.5485434338
2401, 23.7598795436
2402, 24.3619369658
2403, 27.8765097993
2404, 29.8570682046
2405, 31.5906193694
2406, 31.6691398682
2407, 30.7333686172
2408, 29.9227302725
2409, 28.7579439969
2410, 25.5643873818
2411, 23.153951926
2412, 20.7828987317
2413, 17.6183987851
2414, 14.4020676016
2415, 13.178461319
2416, 12.1237121581
2417, 9.29187481524
2418, 10.4208487276
2419, 11.7970232911
2420, 13.5969750899
2421, 15.9168514546
2422, 18.0863953488
2423, 19.0408099738
2424, 18.6595089022
2425, 17.2235226013
2426, 15.457782454
2427, 15.0756909259
2428, 13.6029990325
2429, 12.4176098359
2430, 11.0097140435
2431, 9.69405984266
2432, 8.7398444978
2433, 7.91632919038
2434, 8.5490044048
2435, 10.2461197965
2436, 13.0960864219
2437, 15.2673057253
2438, 17.5273375018
2439, 20.0606354529
2440, 22.7346806196
2441, 24.3118154215
2442, 26.6216460528
2443, 27.6565882535
2444, 29.3537980032
2445, 29.8256655871
2446, 28.6607278053
2447, 27.1422408297
2448, 25.7663888514
2449, 24.3179909035
2450, 22.0160539207
2451, 19.7965163969
2452, 18.671152454
2453, 17.2050722364
2454, 15.4511152614
2455, 13.6733061022
2456, 12.2273594881
2457, 11.5341491797
2458, 9.9574080927
2459, 8.00903931901
2460, 7.14527409164
2461, 8.20943521974
2462, 7.47571895405
2463, 10.0181870562
2464, 10.5669657371
2465, 9.70432913582
2466, 9.42368907832
2467, 8.94179339854
2468, 11.3110421174
2469, 11.4934435188
2470, 11.4837117263
2471, 10.1784827823
2472, 10.5800414777
2473, 8.88026463922
2474, 8.28941656229
2475, 10.2178331635
2476, 9.85715850532
2477, 10.4196489683
2478, 9.21414506535
2479, 9.94528533147
2480, 10.9794999696
2481, 11.5421031989
2482, 10.768832104
2483, 11.250705708
2484, 11.4194471882
2485, 10.134063469
2486, 10.8775022127
2487, 10.7671441971
2488, 10.9777101459
2489, 11.5196642151
2490, 11.9615593979
2491, 13.929891881
2492, 15.4705026192
2493, 16.2800955263
2494, 16.3107727332
2495, 23.1190324789
2496, 27.2488791812
2497, 28.2662529039
2498, 28.8134780815
2499, 28.0016164732
2500, 29.7704234979
2501, 29.7588938018
2502, 29.774473182
2503, 29.477491099
2504, 30.2816589352
2505, 25.3202369878
2506, 23.0701862605
2507, 24.7048699933
2508, 23.7874471707
2509, 24.2800161239
2510, 21.9884479474
2511, 19.4878205196
2512, 16.7153649412
2513, 14.8167625204
2514, 12.7476960572
2515, 10.306847872
2516, 7.61309951617
2517, 5.52367097655
2518, 5.67411539268
2519, 6.61983597378
2520, 5.64629111038
2521, 5.58673291157
2522, 5.87821745158
2523, 6.88418346572
2524, 7.06462651432
2525, 7.03444548542
2526, 7.06486750347
2527, 7.26545916505
2528, 8.25106152244
2529, 7.96951681926
2530, 10.0286218054
2531, 11.3852404102
2532, 12.0888668273
2533, 10.8117148019
2534, 11.7153907773
2535, 12.5788207343
2536, 13.813732797
2537, 13.3214246653
2538, 12.1144188185
2539, 12.8472522537
2540, 14.0139647094
2541, 14.405951666
2542, 15.9527963993
2543, 19.5485237188
2544, 19.6195625099
2545, 22.3125896554
2546, 24.1505109851
2547, 27.5669969441
2548, 28.0495067093
2549, 25.2867454434
2550, 22.0915772894
2551, 23.7276156315
2552, 23.1058811576
2553, 20.5845281433
2554, 21.0569457599
2555, 19.2699822948
2556, 17.7533324274
2557, 16.3965947617
2558, 15.874772108
2559, 16.1164605657
2560, 16.0566174093
2561, 12.8226807409
2562, 10.8516348815
2563, 9.76637536115
2564, 8.16934119159
2565, 6.38969627355
2566, 5.54583122342
2567, 2.45050578799
2568, 1.51655942366
2569, 1.50656176936
2570, 3.78185177891
2571, 3.62135704131
2572, 4.84654760322
2573, 5.65030638494
2574, 5.84170830562
2575, 7.15699667697
2576, 7.5605596114
2577, 8.63720324849
2578, 8.80813882414
2579, 9.10972266952
2580, 8.80211686863
2581, 10.5493433081
2582, 10.6396025128
2583, 11.397005286
2584, 15.3879088367
2585, 19.2641221839
2586, 20.6405052249
2587, 21.7963593616
2588, 23.7860558723
2589, 25.1523768753
2590, 26.1557419827
2591, 27.0128347577
2592, 32.9271135932
2593, 32.4221077356
2594, 28.7033990514
2595, 24.1042768447
2596, 22.6583503544
2597, 22.3132823887
2598, 22.723668386
2599, 21.8402578222
2600, 20.9064767978
2601, 18.7960525357
2602, 12.8141086613
2603, 13.3077892405
2604, 12.8259765353
2605, 12.2937241036
2606, 11.1669599986
2607, 9.208474151
2608, 6.67704508291
2609, 6.16446281997
2610, 6.26632661898
2611, 5.99347737258
2612, 4.74453646981
2613, 3.17617015522
2614, 3.16643624082
2615, 3.18614114625
2616, 4.58145331679
2617, 4.58163764831
2618, 4.81277662643
2619, 6.85114497624
2620, 5.54383461649
2621, 5.95567569564
2622, 6.10670949548
2623, 6.33824680976
2624, 8.56713452496
2625, 10.1032627313
2626, 11.0189210238
2627, 14.2366877755
2628, 22.4431097977
2629, 26.1591898677
2630, 27.3560978564
2631, 28.271957572
2632, 29.5691236664
2633, 31.3882857578
2634, 32.8864441949
2635, 33.6311042657
2636, 32.3542441573
2637, 29.4686946438
2638, 21.5327273536
2639, 18.1067557788
2640, 18.6681529572
2641, 21.8409120062
2642, 24.2033822047
2643, 23.2288025497
2644, 22.6045382851
2645, 20.4140900724
2646, 19.4500054043
2647, 19.1782027882
2648, 20.0614459012
2649, 17.489885066
2650, 14.9085326875
2651, 10.1180400597
2652, 6.27967002759
2653, 5.22488688955
2654, 3.05295584101
2655, 3.36427232958
2656, 4.02913929815
2657, 4.29051551106
2658, 4.54148477169
2659, 4.99351393902
2660, 5.41550028541
2661, 5.57841292487
2662, 8.41016410641
2663, 11.0932491094
2664, 10.9428704986
2665, 11.1543777526
2666, 12.9524222237
2667, 12.6315716483
2668, 12.7412071768
2669, 13.9700885615
2670, 15.8382517544
2671, 15.8165325091
2672, 13.1956739136
2673, 10.9341707891
2674, 11.8375196035
2675, 11.77678967
2676, 10.9608794882
2677, 13.1704498039
2678, 12.0763504689
2679, 10.1344690694
2680, 7.98542132362
2681, 8.62806600209
2682, 8.45695793105
2683, 7.95449428437
2684, 6.25719522432
2685, 5.64466426565
2686, 3.9270847337
2687, 2.07885414261
2688, 2.08873768267
2689, 2.84392339987
2690, 3.70765281326
2691, 3.30623973902
2692, 3.96927743751
2693, 4.34103313819
2694, 5.90949959732
2695, 8.1085561762
2696, 8.77173112484
2697, 9.82644450848
2698, 10.5699603208
2699, 11.3434255711
2700, 10.9818101447
2701, 11.9258454645
2702, 13.9562449363
2703, 13.7658420693
2704, 12.5286810764
2705, 10.9018187839
2706, 11.877857644
2707, 11.2747708595
2708, 11.8004776041
2709, 10.9291247151
2710, 10.2769270804
2711, 8.96139915835
2712, 6.24769809404
2713, 6.09671916311
2714, 5.83518949776
2715, 6.16630243868
2716, 6.07363532216
2717, 6.36494226315
2718, 5.41906781553
2719, 6.44978263127
2720, 7.49463971641
2721, 8.43876449726
2722, 10.9391546569
2723, 13.620563458
2724, 16.6132703427
2725, 19.6261231537
2726, 18.9242962998
2727, 19.3668102984
2728, 19.1442512918
2729, 17.8587653087
2730, 18.1310197052
2731, 19.9580630277
2732, 18.6524941305
2733, 16.4532948493
2734, 13.390735801
2735, 9.49424305488
2736, 8.7205363395
2737, 7.31388752104
2738, 6.50015445621
2739, 6.65262056901
2740, 6.64033615331
2741, 4.78425729083
2742, 5.21598816901
2743, 5.99158186916
2744, 7.14890786867
2745, 8.38431916556
2746, 11.0776080733
2747, 12.9557148364
2748, 17.1432523239
2749, 19.9837308572
2750, 23.2700409649
2751, 23.5704551179
2752, 22.2860708195
2753, 21.1094720809
2754, 19.9824482133
2755, 21.4329644817
2756, 21.0583017271
2757, 20.6365299245
2758, 17.2425275388
2759, 13.858969636
2760, 9.2673740541
2761, 8.04163372394
2762, 7.87036780424
2763, 7.87002764417
2764, 8.8037661145
2765, 6.85937228035
2766, 5.24242474793
2767, 4.94112699027
2768, 5.72455149382
2769, 6.35755902264
2770, 8.5266993378
2771, 10.6759518734
2772, 11.7227394485
2773, 16.8980289351
2774, 17.5616637818
2775, 17.5845765418
2776, 16.8420319331
2777, 15.5471237277
2778, 13.9897629388
2779, 13.4665914415
2780, 11.7988867011
2781, 9.65964516789
2782, 8.53288485895
2783, 3.24613195525
2784, 1.6191444592
2785, 0.823632176795
2786, 0.813527857209
2787, 1.13482124332
2788, 2.44013423373
2789, 3.2134609215
2790, 3.57713370846
2791, 4.23224319852
2792, 4.70462673867
2793, 5.40765588269
2794, 7.12662291547
2795, 9.27756098749
2796, 11.3866097315
2797, 13.4858068404
2798, 17.0207665222
2799, 20.8090834252
2800, 23.5111556068
2801, 22.9282440659
2802, 22.6884248905
2803, 23.1020826925
2804, 23.1993821508
2805, 22.0513588884
2806, 21.7094961403
2807, 19.9726080612
2808, 16.0659640174
2809, 12.0365347212
2810, 9.56367863489
2811, 12.284746376
2812, 13.1786940059
2813, 14.4923356616
2814, 14.3741648894
2815, 19.8168104112
2816, 21.3033744431
2817, 20.8326694202
2818, 19.8797263758
2819, 19.681652931
2820, 19.3694766784
2821, 18.2528686548
2822, 18.0817431623
2823, 17.2582860947
2824, 16.2725588645
2825, 11.0802640828
2826, 8.78028526116
2827, 9.21223324419
2828, 10.9493584985
2829, 11.6604717785
2830, 13.7691096172
2831, 15.697006118
2832, 17.9369008768
2833, 19.8272908684
2834, 21.7764670115
2835, 21.9380592273
2836, 20.9644677466
2837, 20.3218088195
2838, 18.5939769226
2839, 17.6893141411
2840, 16.5332942149
2841, 13.8414436463
2842, 11.7725507464
2843, 9.51100834681
2844, 8.41653234382
2845, 7.34216134284
2846, 8.34647568654
2847, 8.8588491375
2848, 11.0277574057
2849, 13.7588986837
2850, 14.8253496853
2851, 17.9105211633
2852, 23.799459431
2853, 27.4056872971
2854, 30.0678608633
2855, 29.9292698417
2856, 28.9464699154
2857, 28.454084987
2858, 26.3137274088
2859, 23.6407590067
2860, 21.4204313126
2861, 17.4112866227
2862, 10.3066609136
2863, 5.45576498666
2864, 1.24757560849
2865, 1.10880499075
2866, 1.3798279178
2867, 1.49032664824
2868, 1.49039252813
2869, 1.36989091741
2870, 1.01639729661
2871, 1.5887420443
2872, 3.08487480563
2873, 3.69768361829
2874, 5.68611339546
2875, 7.73299481816
2876, 9.18956595474
2877, 12.011563855
2878, 14.363972064
2879, 18.6280367917
2880, 20.2756764377
2881, 19.7445035344
2882, 18.7004537853
2883, 18.6704074102
2884, 16.8920382842
2885, 14.7921943662
2886, 13.1751284718
2887, 10.5738496839
2888, 9.12532842253
2889, 5.4031115777
2890, 4.29835787831
2891, 6.23856286677
2892, 8.25716159188
2893, 10.7296390207
2894, 12.7807737499
2895, 15.22379225
2896, 17.965908889
2897, 21.3423329804
2898, 21.1018862659
2899, 21.0741900368
2900, 21.5162800044
2901, 19.8692122504
2902, 17.3878923482
2903, 14.3424099566
2904, 12.0606137658
2905, 9.58774141821
2906, 7.04644196813
2907, 3.39860937304
2908, 4.07115310198
2909, 4.94275137634
2910, 5.21594378387
2911, 5.93738616092
2912, 7.88602005262
2913, 9.79638286067
2914, 11.1824684194
2915, 11.2331322555
2916, 11.4041610973
2917, 13.0208305869
2918, 12.2372443847
2919, 10.7305999975
2920, 9.25245115568
2921, 8.20823172068
2922, 6.48044133756
2923, 4.94137845221
2924, 3.55535778873
2925, 3.50523626288
2926, 3.86665674832
2927, 3.50483068223
2928, 5.97684034391
2929, 7.53379419565
2930, 8.29788316268
2931, 8.29876163528
2932, 8.18875350111
2933, 8.30883819149
2934, 8.77020803606
2935, 8.8101905904
2936, 8.00677143251
2937, 6.71130969293
2938, 3.6661118935
2939, 2.04896003486
2940, 1.55668754025
2941, 1.94831183641
2942, 2.6010094001
2943, 2.94244316326
2944, 3.67755664076
2945, 4.98322394562
2946, 5.75683274686
2947, 6.06851918273
2948, 6.81381543747
2949, 7.27586484689
2950, 7.07494660686
2951, 6.70325742757
2952, 6.30145328828
2953, 5.49794123278
2954, 4.30068784313
2955, 3.27615554341
2956, 2.91454670302
2957, 3.01490895631
2958, 2.86220934542
2959, 3.68762544325
2960, 4.75226878281
2961, 5.56593632886
2962, 6.17873682246
2963, 7.66521501013
2964, 8.06720432438
2965, 7.88656265554
2966, 7.55525415326
2967, 7.47487458283
2968, 7.79577760331
2969, 7.1407338204
2970, 6.94986058357
2971, 6.3074061671
2972, 5.40379895477
2973, 3.98770027655
2974, 4.26868678158
2975, 4.46936877144
2976, 4.73039385229
2977, 5.1943307794
2978, 4.31078858921
2979, 11.251115215
2980, 11.251115215
2981, 11.251115215
2982, 11.251115215
2983, 11.251115215
2984, 11.251115215
