0, 20.8411763818
1, 20.8411763818
2, 20.8411763818
3, 20.8411763818
4, 20.8411763818
5, 0.0301275664065
6, 0.0301304997969
7, 0.0200899021029
8, 0.0200931133199
9, 0.0200899021029
10, 5.52236052727
11, 5.52310049695
12, 5.53392778432
13, 5.67533148393
14, 5.65614441603
15, 5.65528615614
16, 11.5985379217
17, 11.639562055
18, 11.6404310847
19, 11.9024069731
20, 6.40952653658
21, 6.41866278315
22, 6.40775583267
23, 6.27726894638
24, 6.27727300348
25, 6.40780083548
26, 0.461984990709
27, 0.431871702488
28, 0.431892993728
29, 0.18081995734
30, 0.180799100323
31, 0.180780801918
32, 0.190825193819
33, 0.180786847029
34, 0.180790696548
35, 0.0502234649851
36, 0.0903846646673
37, 0.0903840905773
38, 0.100430514364
39, 0.100436596031
40, 0.0904038178507
41, 0.0903990264555
42, 0.0803521767108
43, 0.0903930395162
44, 0.170718299795
45, 0.471950378471
46, 0.67280341889
47, 0.662847618687
48, 0.652895415924
49, 0.652962785044
50, 0.683064412815
51, 0.68298343242
52, 0.994217012175
53, 1.17499948709
54, 1.13487118347
55, 0.91396376919
56, 0.743290071018
57, 0.793499817086
58, 0.984230165515
59, 0.984250783221
60, 0.99431463494
61, 1.03449814229
62, 0.753295209298
63, 0.763261125249
64, 0.873732664522
65, 0.853683254524
66, 0.913958625761
67, 0.964217115962
68, 0.863783202197
69, 0.944107606426
70, 0.92404508327
71, 0.893926252506
72, 0.863795972363
73, 0.713119479211
74, 0.592573740477
75, 0.723083906024
76, 0.652793717743
77, 0.562444237231
78, 0.502209921064
79, 0.421890779645
80, 0.50219220247
81, 0.632697760356
82, 0.65281122304
83, 0.612670336165
84, 0.612699959975
85, 0.44196782639
86, 0.381678790793
87, 0.371619186776
88, 0.341493373156
89, 0.33144842878
90, 0.231005429387
91, 0.080348232782
92, 0.261074285389
93, 0.431769389208
94, 0.471976119527
95, 0.461995177585
96, 0.462066050808
97, 0.522318786759
98, 0.562442922081
99, 0.622665320833
100, 0.632719428882
101, 0.652827911528
102, 0.451966881085
103, 0.381647684711
104, 0.351509094885
105, 0.381642426987
106, 0.391707315112
107, 0.331474020609
108, 0.311377633132
109, 0.411753825414
110, 0.642700206491
111, 0.833518265191
112, 0.86373028705
113, 0.773425316956
114, 0.803584340065
115, 0.763397738646
116, 0.954116053169
117, 0.984245148893
118, 1.02444222444
119, 0.984263479404
120, 0.753309323317
121, 0.562475461882
122, 0.562463882174
123, 0.572514008301
124, 0.70300767146
125, 0.873719791681
126, 0.773311288871
127, 0.915917741781
128, 0.926027554341
129, 0.855747505547
130, 0.895908950673
131, 0.895915152171
132, 0.895894935055
133, 0.956118185802
134, 0.755257333158
135, 0.584522888267
136, 0.494136781395
137, 0.361586180358
138, 0.291269346796
139, 0.291248638865
140, 0.3414523521
141, 0.441879125341
142, 0.702957704008
143, 0.843573400778
144, 1.17501401545
145, 1.32574129872
146, 1.91825168649
147, 2.27982887595
148, 2.56110374711
149, 2.61141822763
150, 2.52116357465
151, 2.49101499197
152, 2.37036361272
153, 2.36020945104
154, 2.13923536811
155, 2.04890324222
156, 1.5066026786
157, 1.20529390264
158, 0.974264355745
159, 0.893899981686
160, 0.903949398624
161, 0.833651841901
162, 0.662904048626
163, 0.451972098741
164, 0.441896867458
165, 0.411770316041
166, 0.512173608808
167, 0.913809772088
168, 0.964107926001
169, 0.984280323512
170, 1.02453856222
171, 1.08485634873
172, 1.21532266378
173, 1.75746906895
174, 1.90814697857
175, 2.09904507293
176, 2.02886491731
177, 1.76779684837
178, 2.07097822981
179, 2.39228278172
180, 2.48272009651
181, 2.44266376081
182, 2.3624005315
183, 1.92044335884
184, 1.67933013902
185, 1.4784089958
186, 1.43822615488
187, 1.22732161893
188, 0.823589858875
189, 0.522261132484
190, 0.552355559653
191, 0.512208818076
192, 0.532298593663
193, 0.682917819582
194, 0.753264458146
195, 0.773361020775
196, 0.74326504617
197, 0.833674763543
198, 0.98427167783
199, 1.23526607659
200, 1.71723187989
201, 2.21943337112
202, 2.34011379246
203, 2.44064856044
204, 2.69182732921
205, 2.75211360562
206, 2.98301207942
207, 2.89266799014
208, 2.74204514993
209, 2.48085529093
210, 1.92841465628
211, 1.46637299754
212, 1.34581965481
213, 1.05457322934
214, 0.733211604244
215, 0.67294278005
216, 0.431898599848
217, 0.421852683397
218, 0.733104010037
219, 0.733130959211
220, 0.703025310585
221, 1.02437562458
222, 1.10479337535
223, 1.06464955286
224, 1.14501019247
225, 1.16515867465
226, 1.19525996738
227, 1.225332513
228, 1.10476401443
229, 1.2252704566
230, 1.30561613363
231, 1.28747613827
232, 1.31766581843
233, 1.57880179825
234, 1.48849657008
235, 1.43834977949
236, 1.40821389737
237, 1.39813032362
238, 1.29760619154
239, 3.32572713515
240, 3.2356336834
241, 2.95275729432
242, 2.82253455125
243, 2.53162627623
244, 2.56141087632
245, 2.69161437243
246, 2.74184300757
247, 2.76194420188
248, 2.94269881518
249, 0.883804302497
250, 0.87379279712
251, 0.924026565528
252, 1.02448866343
253, 1.22531834894
254, 1.69921265611
255, 1.97037703409
256, 2.28177749359
257, 2.41444731319
258, 2.76595825127
259, 3.22791064355
260, 3.36858139543
261, 4.13176010565
262, 4.12193225379
263, 4.13206361046
264, 3.73837717431
265, 3.54757316936
266, 3.48715839375
267, 3.35457138504
268, 3.00302366527
269, 2.49085743699
270, 2.37037561393
271, 1.68734567195
272, 1.54677588204
273, 1.35594673508
274, 1.35590672837
275, 1.45627344118
276, 1.29555261652
277, 1.49640771902
278, 3.6150253696
279, 3.76602203908
280, 3.74628764559
281, 3.72652386893
282, 4.1988231454
283, 4.42946988928
284, 5.78466540429
285, 5.90536373655
286, 6.43783898975
287, 7.58470744562
288, 5.6968335409
289, 5.94795327321
290, 6.20916593723
291, 6.50054807587
292, 6.2091780211
293, 6.36969511177
294, 5.1544059178
295, 4.88326251267
296, 4.34090768198
297, 3.01320027845
298, 2.70180307921
299, 2.28997975424
300, 2.10916700673
301, 1.66727058017
302, 1.49656266358
303, 1.09481362135
304, 0.853752520749
305, 0.753270931441
306, 0.893790002431
307, 1.01430293824
308, 1.04444593896
309, 1.2553857322
310, 1.35588388429
311, 1.37604338035
312, 2.15925596552
313, 3.3742832412
314, 3.8263558726
315, 5.69418087795
316, 7.14055097644
317, 7.62308940116
318, 7.86439279739
319, 8.2864926115
320, 9.32074340477
321, 9.69213508291
322, 9.61164766235
323, 8.74812102174
324, 8.85869245483
325, 7.18133656098
326, 5.64464256066
327, 5.19265850458
328, 4.85117886703
329, 4.2886800077
330, 3.11356954954
331, 2.74197439254
332, 2.02888024895
333, 1.67734752641
334, 1.10484598215
335, 0.843684073328
336, 0.672919539892
337, 0.925847452674
338, 0.986123679462
339, 1.17694694575
340, 1.46824428377
341, 1.90018312268
342, 1.99066858785
343, 3.66754483585
344, 3.838531435
345, 4.10181179082
346, 9.58419991949
347, 12.2659015095
348, 12.8190872569
349, 17.8524785181
350, 20.2843327587
351, 29.0103510619
352, 41.5060717805
353, 49.2124246182
354, 49.5878760934
355, 50.8645682837
356, 47.0794905444
357, 44.5148945823
358, 44.2710615705
359, 39.346888881
360, 37.1073682501
361, 28.2286705412
362, 16.192277687
363, 7.03060814273
364, 6.96029302794
365, 5.65463972468
366, 4.11800195045
367, 3.62587006595
368, 3.37474710534
369, 3.22401481356
370, 2.77203191773
371, 2.45069498454
372, 1.89835908604
373, 1.66737398822
374, 1.21534401001
375, 1.02444283095
376, 1.31556080043
377, 1.46621436272
378, 1.45621652011
379, 1.39602670896
380, 1.73754068292
381, 1.84808100049
382, 2.08909945027
383, 2.12934771328
384, 2.54107219271
385, 13.5652568782
386, 19.3037539287
387, 20.5712370341
388, 28.0963913188
389, 34.2651763242
390, 39.7082451824
391, 42.8614203524
392, 43.9280532155
393, 44.6019812131
394, 46.258206503
395, 36.4669975984
396, 30.797784339
397, 29.8254868396
398, 22.7731359225
399, 17.4196498717
400, 12.0864132923
401, 10.2280939273
402, 9.42485524717
403, 9.52540406662
404, 8.03899397574
405, 7.09307055303
406, 7.06280418563
407, 6.68921567268
408, 6.32760206742
409, 5.30314186116
410, 4.74072840973
411, 3.35468935888
412, 2.86251811381
413, 2.09912666139
414, 2.73147263027
415, 2.73155107514
416, 2.36014250947
417, 2.37038843305
418, 2.57138391107
419, 2.67175107558
420, 3.65563533225
421, 8.69621645526
422, 18.2758790982
423, 41.7486103242
424, 65.153964133
425, 71.0363843815
426, 92.5275764779
427, 96.6230605481
428, 102.198814596
429, 113.436489651
430, 116.189327302
431, 114.119216724
432, 104.858927719
433, 83.7323556589
434, 60.3556529756
435, 54.9207652502
436, 34.8872832937
437, 31.6635008536
438, 26.0091903565
439, 15.5897912614
440, 12.2154084313
441, 10.0357784241
442, 10.1059656347
443, 9.24192713855
444, 8.68758353755
445, 8.06515467551
446, 6.54878946574
447, 5.5345809135
448, 5.0925167843
449, 4.2083647393
450, 3.84670642481
451, 3.03317675453
452, 2.76197342693
453, 1.93821120498
454, 1.3256245658
455, 1.21525481402
456, 1.25553990431
457, 1.67736607053
458, 1.81789739704
459, 1.76766261015
460, 9.23799629947
461, 21.0388237878
462, 56.0829941342
463, 67.5787192112
464, 74.53640519
465, 96.4014053486
466, 104.584841296
467, 112.004650697
468, 121.092918719
469, 123.085507137
470, 116.084896469
471, 106.810572746
472, 73.9874481929
473, 62.6446022004
474, 56.2159757522
475, 35.7294760105
476, 28.8174958906
477, 21.4251673825
478, 12.9462433671
479, 11.4700883755
480, 11.530381717
481, 9.92310015361
482, 7.94454907119
483, 7.22154323665
484, 6.68932505756
485, 5.30338071277
486, 3.9373202436
487, 3.50528078474
488, 2.73188445361
489, 2.19956505634
490, 1.71745277106
491, 1.06455080587
492, 0.733131323501
493, 0.964072210351
494, 0.934033535085
495, 0.934126015083
496, 5.58692185717
497, 19.4034845195
498, 50.4776036469
499, 87.3031980943
500, 112.533186318
501, 136.446356933
502, 147.180034027
503, 155.722057583
504, 169.248571789
505, 171.105417842
506, 167.704478311
507, 155.148715289
508, 126.086338215
509, 90.6099065155
510, 65.9074926444
511, 44.5346301235
512, 35.4495864407
513, 27.1538770957
514, 14.5072075466
515, 13.3626614681
516, 13.1615598962
517, 12.0665582222
518, 10.3290533563
519, 9.12391625749
520, 8.64182739527
521, 5.84756620301
522, 4.16013645238
523, 3.54745625882
524, 2.77401186401
525, 2.03077683138
526, 0.966158445908
527, 0.885793766027
528, 0.775313635411
529, 0.755206925451
530, 1.92798965098
531, 2.30977225607
532, 2.38031576812
533, 3.90672581958
534, 12.6725928991
535, 38.5866271997
536, 52.5537095185
537, 76.6340915509
538, 104.526954747
539, 134.644171578
540, 145.457998133
541, 149.301397375
542, 155.984003424
543, 156.034115061
544, 148.154693509
545, 124.037541018
546, 111.014640126
547, 87.5561894262
548, 61.2614555103
549, 31.9708929872
550, 20.7803150754
551, 18.2309747375
552, 12.3758521921
553, 11.2812280806
554, 10.5180166175
555, 9.00158924354
556, 8.36866126486
557, 7.62525790287
558, 5.86757288401
559, 4.93351222223
560, 4.03961362321
561, 2.370332691
562, 1.48645076301
563, 1.14493281778
564, 0.853687307168
565, 0.582525301017
566, 0.85355125545
567, 1.39582059632
568, 4.17721891811
569, 9.24216503643
570, 15.8641675278
571, 31.224205912
572, 65.6132615312
573, 93.8515032827
574, 114.857057895
575, 129.163492852
576, 155.780187652
577, 176.928988643
578, 178.633727166
579, 176.404075906
580, 176.012275748
581, 163.490644167
582, 130.81959858
583, 104.487160937
584, 84.8429776583
585, 72.8363810112
586, 49.9175241069
587, 30.4875310943
588, 28.103559356
589, 28.2123696246
590, 23.0126372299
591, 21.7067519693
592, 20.3589938326
593, 18.6818723617
594, 17.6871953853
595, 15.4051536931
596, 11.1866677817
597, 9.30629857819
598, 7.34585219225
599, 4.40305914215
600, 3.37469607788
601, 2.06903610758
602, 1.72752703963
603, 1.41611885849
604, 1.24536847925
605, 1.76753437572
606, 1.71739401725
607, 1.30568315447
608, 1.15513195421
609, 1.39615367269
610, 1.95834873009
611, 2.0085098016
612, 2.65125951319
613, 5.27407804523
614, 5.26453475592
615, 5.46563293126
616, 6.27943351785
617, 8.54912799875
618, 10.92880358
619, 10.8488655891
620, 10.3072189677
621, 10.4582517313
622, 13.2995541955
623, 19.4032867766
624, 22.8084054683
625, 26.8067097114
626, 26.4279217664
627, 28.4976917258
628, 26.3081276872
629, 26.2072652986
630, 27.0201053463
631, 26.7289810111
632, 23.875921254
633, 15.7300241635
634, 13.0986693069
635, 9.04104899662
636, 9.02114804587
637, 5.27499671991
638, 5.62656384443
639, 5.76720240236
640, 5.11430854375
641, 5.05409587519
642, 4.65228189894
643, 4.39904636265
644, 3.55537619351
645, 2.97290856696
646, 2.62145938427
647, 2.05906181856
648, 1.54677698968
649, 1.33582114245
650, 1.15504547681
651, 1.18512844125
652, 1.03442586101
653, 0.723079762608
654, 0.692966521407
655, 0.602628262474
656, 0.52230748901
657, 0.522289127716
658, 0.642757867056
659, 0.933936621269
660, 1.1147172018
661, 1.36579276139
662, 1.51652711842
663, 1.59696835634
664, 1.72754773502
665, 1.79790613353
666, 2.07907241553
667, 2.05899525022
668, 1.96861283073
669, 1.7275603329
670, 1.57691455134
671, 1.48640863065
672, 1.2353300212
673, 2.55065959938
674, 2.90225191921
675, 3.48490660156
676, 11.8428893018
677, 33.8955362937
678, 53.6072396317
679, 63.600335791
680, 63.7596508889
681, 63.8464065049
682, 65.4729226325
683, 65.2470698865
684, 65.6747680046
685, 65.955132171
686, 59.2745787679
687, 38.6854280928
688, 22.9021613852
689, 14.1789508197
690, 14.3104266764
691, 14.8230337911
692, 13.8992915371
693, 14.6917175747
694, 13.988351415
695, 13.1851998682
696, 11.5463394955
697, 10.5300388487
698, 6.74942524039
699, 5.52389375261
700, 5.24278112458
701, 4.43934145077
702, 3.77639801691
703, 1.76766229029
704, 1.46634430317
705, 1.43619025653
706, 1.29558716492
707, 1.07458366257
708, 1.08462230244
709, 1.03449510976
710, 0.994406232708
711, 0.924133494731
712, 0.934131371032
713, 1.21520667724
714, 1.8277030692
715, 2.25955220352
716, 2.30992826585
717, 2.45066846482
718, 2.66165881677
719, 3.21396922453
720, 3.52528857416
721, 3.99734004653
722, 3.97741743987
723, 3.66616325136
724, 3.07356000278
725, 2.52111494039
726, 3.16354874079
727, 4.03700116194
728, 4.49903772331
729, 10.0898091054
730, 13.536907891
731, 19.2614618016
732, 25.1775018886
733, 26.9977775172
734, 28.7363315923
735, 57.0314624765
736, 73.4611835582
737, 83.3459164835
738, 82.4896046598
739, 76.8954931904
740, 82.4065473958
741, 87.7303310734
742, 85.3175604483
743, 85.2590222735
744, 85.6382179225
745, 58.6824892469
746, 44.7594317225
747, 34.0116537845
748, 34.3936026029
749, 34.5444304284
750, 26.3970551246
751, 15.2302515874
752, 12.2168844473
753, 10.7809036174
754, 9.09973205704
755, 8.10531150595
756, 4.8210651087
757, 4.64027503456
758, 4.2486138501
759, 3.65598979886
760, 2.55113863908
761, 2.19960916686
762, 1.84801111472
763, 1.74753232211
764, 1.38597624334
765, 1.27547777681
766, 1.31572077511
767, 1.25746553492
768, 1.7093139619
769, 2.34190689241
770, 2.72361474106
771, 3.03507812592
772, 3.05535241723
773, 3.09561255422
774, 3.42691475345
775, 3.62765878275
776, 3.9690927953
777, 3.97727068084
778, 3.54554037826
779, 2.76222668489
780, 2.37050000298
781, 2.04899915722
782, 3.04287432673
783, 4.71972473881
784, 6.75020743427
785, 7.97582937414
786, 15.286318918
787, 25.3286708869
788, 36.0907640936
789, 41.6368589551
790, 46.370464808
791, 60.5349111674
792, 89.1908079355
793, 102.87394343
794, 100.45834968
795, 99.7525957715
796, 101.903444542
797, 106.160774006
798, 99.9150011811
799, 96.5238902919
800, 98.3548312371
801, 86.0195533748
802, 57.7770022316
803, 43.0176980225
804, 44.0727840758
805, 46.1605854533
806, 37.2714811158
807, 23.8373420059
808, 21.2742672195
809, 20.0877135678
810, 14.9269834103
811, 14.6253892696
812, 13.5109725041
813, 13.0390372449
814, 11.9645272027
815, 8.98158821097
816, 8.53920970579
817, 7.6150339371
818, 5.61634696833
819, 4.76268380428
820, 3.5254195055
821, 2.25981889316
822, 2.14918500813
823, 2.52069370609
824, 2.74180230951
825, 2.69178735144
826, 2.32025208417
827, 2.571324419
828, 3.32431218671
829, 4.05728936321
830, 4.59972137215
831, 5.44341560777
832, 6.5481746442
833, 7.43195369214
834, 8.62717771277
835, 10.9672477725
836, 11.5201537068
837, 11.5105348451
838, 11.0085465155
839, 10.1850866324
840, 9.49172648803
841, 8.49702218672
842, 8.06474499086
843, 8.31537287335
844, 8.97806372443
845, 9.94200368649
846, 17.4734409664
847, 30.7949347262
848, 39.5938607375
849, 68.4188136938
850, 84.2122690805
851, 117.914487049
852, 140.890242086
853, 150.516143525
854, 166.209781547
855, 188.786347191
856, 210.138315051
857, 216.116401259
858, 212.91944439
859, 185.323326824
860, 172.175949149
861, 139.7832144
862, 117.849845941
863, 108.922094631
864, 92.748143771
865, 68.3226901627
866, 39.0020449316
867, 19.5278220893
868, 14.1943506579
869, 13.4909302668
870, 11.9436745129
871, 12.3549931672
872, 11.067700726
873, 8.69787836412
874, 7.12147500292
875, 5.73563458587
876, 5.42399793549
877, 5.25291505501
878, 4.75061593335
879, 4.5797728003
880, 3.52523540377
881, 1.80780875221
882, 1.09474723162
883, 0.883926134837
884, 0.853784453635
885, 1.1348750527
886, 1.59677683086
887, 1.978406056
888, 3.83606351348
889, 3.69582530397
890, 3.66606859654
891, 3.80684852325
892, 4.00785822536
893, 4.66026596262
894, 5.78468943418
895, 6.9816976048
896, 7.20293504614
897, 7.38407009654
898, 5.89796144908
899, 6.06879965131
900, 6.41007455051
901, 6.63080960519
902, 6.36971499569
903, 5.69884553062
904, 4.59407914548
905, 3.52732846037
906, 3.51702579855
907, 4.37434416397
908, 7.09559615443
909, 9.69681592193
910, 22.9071742256
911, 39.6715914848
912, 68.7561356937
913, 76.4634868348
914, 79.346098924
915, 83.8421734431
916, 84.7377254613
917, 94.4520726996
918, 120.783062368
919, 158.200717346
920, 175.754215695
921, 161.834187925
922, 133.783755511
923, 131.262643231
924, 130.642899738
925, 127.306914185
926, 127.544249423
927, 117.419716874
928, 89.4505253493
929, 49.4046762634
930, 18.8803506521
931, 16.7608028757
932, 16.3188455248
933, 12.5863439324
934, 14.0639321829
935, 13.2309608212
936, 11.524204117
937, 10.6390108718
938, 9.32369784494
939, 8.971554932
940, 8.42857217566
941, 7.25343487262
942, 6.63075921516
943, 5.51586275561
944, 1.79776534509
945, 1.03447871735
946, 1.18510069516
947, 1.24540472925
948, 1.48636120909
949, 1.68724729911
950, 2.34002244793
951, 2.43055089895
952, 2.47084696498
953, 2.57123458598
954, 2.71189829906
955, 3.10343555668
956, 3.9568424609
957, 4.50931593598
958, 4.82074742486
959, 5.19254460054
960, 5.18267483819
961, 5.36353558486
962, 5.46397945142
963, 5.32333549105
964, 5.24299028098
965, 4.79096666258
966, 3.6760562208
967, 3.46496775667
968, 4.72990973715
969, 6.80844089475
970, 9.00177047741
971, 12.7600224249
972, 26.5191666133
973, 39.8095339688
974, 49.0711495808
975, 62.9825473973
976, 68.3808027497
977, 70.4525533248
978, 72.9526009135
979, 77.1232493546
980, 97.686912049
981, 112.749181175
982, 103.652957394
983, 93.7421496744
984, 87.048450156
985, 78.4634156967
986, 76.0298122946
987, 75.7124133274
988, 72.4789920454
989, 66.7810808615
990, 44.4097753825
991, 25.4952017297
992, 21.5677085234
993, 19.227177462
994, 18.835012051
995, 16.6028377856
996, 17.7957572808
997, 16.686073945
998, 17.1387699269
999, 16.1654625687
1000, 15.420461765
1001, 15.4800790047
1002, 14.9974260091
1003, 13.7517849862
1004, 11.5019438197
1005, 8.46684847106
1006, 4.37906924777
1007, 3.47500496721
1008, 1.87805153887
1009, 1.7776631235
1010, 1.45633258132
1011, 1.23541416897
1012, 0.984291514136
1013, 1.11478632293
1014, 1.97831630182
1015, 2.0889114577
1016, 2.18948401772
1017, 2.17954793748
1018, 2.13953067419
1019, 2.74185991719
1020, 5.40657556434
1021, 6.23035988565
1022, 6.95378465554
1023, 7.71753081774
1024, 8.61159310891
1025, 9.48517746551
1026, 9.28444610559
1027, 9.96743625762
1028, 10.1685415982
1029, 9.90723941286
1030, 7.29174867877
1031, 6.81971141385
1032, 10.2031656731
1033, 13.9184585716
1034, 19.0095968204
1035, 25.814996467
1036, 37.3167363797
1037, 50.65804903
1038, 64.5687269632
1039, 71.343108311
1040, 81.7558579989
1041, 98.1700073349
1042, 107.573978279
1043, 110.689895284
1044, 132.684989792
1045, 130.485033076
1046, 128.580158655
1047, 123.000541614
1048, 113.173444923
1049, 109.262204015
1050, 100.187334829
1051, 84.3249267401
1052, 73.0904129482
1053, 66.247911753
1054, 40.0834046927
1055, 34.5598589268
1056, 25.8083576554
1057, 17.8157494087
1058, 14.3305342354
1059, 12.6345087402
1060, 13.1142574876
1061, 13.6166247665
1062, 11.7790815325
1063, 11.2673311365
1064, 9.39532613631
1065, 9.76676588192
1066, 10.4209872185
1067, 9.98920931936
1068, 9.19409498185
1069, 7.63552321884
1070, 5.77754485925
1071, 4.35110652507
1072, 3.73820601518
1073, 3.37658963611
1074, 2.60323647666
1075, 2.27177207084
1076, 0.863708068556
1077, 0.6327443834
1078, 0.642809718782
1079, 0.672958766838
1080, 0.80348151087
1081, 1.0745868331
1082, 1.95822632787
1083, 2.0989477316
1084, 2.20958909284
1085, 2.79209850561
1086, 3.41481653835
1087, 4.98320212133
1088, 5.98754091422
1089, 7.40378681421
1090, 8.10715734766
1091, 11.7422769593
1092, 12.2246523248
1093, 12.2252913098
1094, 13.2921139057
1095, 13.6440079692
1096, 14.7983111438
1097, 15.1510719719
1098, 14.4385655164
1099, 13.5752516121
1100, 12.9528760436
1101, 10.9536853287
1102, 14.6721407825
1103, 18.0565376457
1104, 23.7726843006
1105, 30.3112415059
1106, 42.7460325224
1107, 44.7832820624
1108, 53.7267727144
1109, 60.5879570173
1110, 71.9367797637
1111, 84.1950765832
1112, 85.3577796668
1113, 86.6659140673
1114, 81.4017360789
1115, 76.8724746071
1116, 65.0368703236
1117, 64.4963076364
1118, 57.2102309088
1119, 50.7245700954
1120, 40.5125759667
1121, 27.8195028373
1122, 22.6487360966
1123, 18.9422004635
1124, 18.0384062762
1125, 15.8088212642
1126, 14.4446916019
1127, 12.0803626174
1128, 11.4574575719
1129, 12.2487684934
1130, 12.9196486817
1131, 11.7350384678
1132, 10.6890127607
1133, 9.76518456354
1134, 10.1866055999
1135, 9.6237523528
1136, 9.07919505224
1137, 8.11529596234
1138, 6.76977214382
1139, 5.07231657934
1140, 3.02331276487
1141, 2.75204104458
1142, 2.91261259151
1143, 3.19369431697
1144, 2.21143184054
1145, 2.09098802423
1146, 1.80984645554
1147, 1.87020155159
1148, 2.26178679276
1149, 3.14538331726
1150, 3.8905778041
1151, 4.44307396825
1152, 4.6240830874
1153, 5.11621105282
1154, 5.05411290728
1155, 7.73497137998
1156, 16.1211734018
1157, 20.5607135589
1158, 23.6150128891
1159, 24.2801404214
1160, 27.8065193085
1161, 28.2684826255
1162, 28.0289082562
1163, 27.807598434
1164, 28.6010631355
1165, 27.234297375
1166, 21.255342645
1167, 17.0075061908
1168, 13.593399043
1169, 12.4788754731
1170, 10.2086126084
1171, 12.8788850723
1172, 14.574164808
1173, 14.0830507877
1174, 14.4754842476
1175, 26.7674681149
1176, 37.0516609662
1177, 42.6894641631
1178, 70.3617795932
1179, 72.3601239006
1180, 70.8362853746
1181, 68.2863001593
1182, 69.2820076364
1183, 69.6894414425
1184, 69.243634147
1185, 58.4044252291
1186, 47.36706627
1187, 42.5242061564
1188, 15.4612699051
1189, 13.5115450596
1190, 13.7122994138
1191, 13.4205079991
1192, 10.7688957981
1193, 10.4293577719
1194, 10.2485103295
1195, 7.91833360234
1196, 6.54223398971
1197, 5.88943299116
1198, 5.86137205123
1199, 5.4999311479
1200, 4.91746107809
1201, 4.37505412195
1202, 5.64211980699
1203, 6.20240398216
1204, 7.25676448494
1205, 6.90777109798
1206, 6.44435949176
1207, 6.17328672277
1208, 5.5686787807
1209, 5.49802692818
1210, 5.39737616125
1211, 5.25674506398
1212, 3.92900843527
1213, 3.00500331916
1214, 1.36788042639
1215, 1.20522537149
1216, 1.27550943252
1217, 1.21523061133
1218, 1.28556805777
1219, 1.27555649963
1220, 1.41617880161
1221, 2.43026866407
1222, 2.59104971573
1223, 4.1997157165
1224, 11.3409898619
1225, 15.5714611567
1226, 17.9446668941
1227, 18.7198434824
1228, 20.1777212918
1229, 20.7801573748
1230, 20.6286064671
1231, 20.6578670115
1232, 21.4711571681
1233, 20.5751924082
1234, 15.2697267383
1235, 11.5922406238
1236, 9.47143102438
1237, 8.64803506745
1238, 7.31238381562
1239, 8.04495146913
1240, 9.89236788788
1241, 11.3602857147
1242, 11.22799182
1243, 12.0821987398
1244, 25.6632003232
1245, 54.4814194891
1246, 62.9553818115
1247, 89.6768199844
1248, 92.9815337303
1249, 91.5730561849
1250, 90.5674085621
1251, 93.9173933488
1252, 98.2370114135
1253, 99.3685599701
1254, 87.7953052577
1255, 62.0357135104
1256, 55.1928710341
1257, 29.1637914856
1258, 26.4923670954
1259, 26.8037975786
1260, 26.4837485393
1261, 20.5073321259
1262, 15.5315836506
1263, 13.1711936049
1264, 9.42293610476
1265, 5.85741308675
1266, 4.55160210909
1267, 4.30050784849
1268, 3.96905577057
1269, 3.99928310559
1270, 4.50948072613
1271, 5.65629801044
1272, 6.39946817659
1273, 7.45397987632
1274, 7.61512536697
1275, 7.73797165467
1276, 7.41658669757
1277, 6.92446853169
1278, 6.40200637347
1279, 6.07042327751
1280, 5.03596098912
1281, 3.84874887185
1282, 2.80415757555
1283, 1.34783144587
1284, 1.02641485626
1285, 0.773347851352
1286, 0.482050417374
1287, 0.532250325276
1288, 0.572468170737
1289, 0.933965705357
1290, 3.00242979961
1291, 4.18755336141
1292, 7.83673316377
1293, 16.3321315861
1294, 19.5009407509
1295, 26.5815954261
1296, 27.4478136254
1297, 29.2372514775
1298, 30.9844236998
1299, 30.9040341364
1300, 30.4608530744
1301, 31.3437587338
1302, 30.728692221
1303, 23.9994291788
1304, 21.6158821882
1305, 14.997866271
1306, 13.9939083662
1307, 12.1756757802
1308, 11.5922983913
1309, 13.7809487501
1310, 14.3029462912
1311, 12.8010136055
1312, 22.6568473018
1313, 21.8353288412
1314, 25.6924826587
1315, 28.3873121124
1316, 31.1011786951
1317, 31.1629368122
1318, 30.499473303
1319, 30.5048862186
1320, 36.0283161056
1321, 46.4650152517
1322, 36.5057497994
1323, 37.342313091
1324, 33.7595477206
1325, 30.8257795577
1326, 28.4032260289
1327, 28.6406328885
1328, 28.248624598
1329, 25.8421276055
1330, 19.7030868319
1331, 8.78802228259
1332, 5.99603918231
1333, 4.4394372835
1334, 3.73653400933
1335, 3.88892281286
1336, 4.33054728235
1337, 5.2342844823
1338, 5.74667825897
1339, 6.54022530916
1340, 5.62647913913
1341, 7.11280836661
1342, 7.51462893394
1343, 7.84614825128
1344, 8.0470998831
1345, 8.1256106621
1346, 7.54302714454
1347, 6.21724094248
1348, 5.57448644252
1349, 4.86127399124
1350, 4.25855032769
1351, 2.70171645232
1352, 2.33008569696
1353, 1.8480371929
1354, 1.23538457056
1355, 0.773387268707
1356, 0.662927628597
1357, 0.91392853721
1358, 1.28543383545
1359, 1.15494018437
1360, 1.71731752739
1361, 6.56908985636
1362, 12.1563704497
1363, 16.5395013111
1364, 31.8795897769
1365, 40.4283725327
1366, 48.4347872078
1367, 51.3019591613
1368, 52.21931701
1369, 54.8701942476
1370, 54.5373998932
1371, 50.9079994738
1372, 47.1062730663
1373, 44.3603409278
1374, 30.2028990401
1375, 21.9274526351
1376, 14.4755047858
1377, 11.3600912052
1378, 10.0341142816
1379, 7.41241111427
1380, 7.33390324187
1381, 6.35950505562
1382, 4.50141354119
1383, 3.05516437099
1384, 3.44848752822
1385, 4.633475196
1386, 26.8875941259
1387, 42.3233663079
1388, 43.2127129648
1389, 43.6501659988
1390, 44.3466322446
1391, 45.3997342372
1392, 53.1094831277
1393, 56.3315865487
1394, 56.9235263413
1395, 57.6181229676
1396, 35.3193805244
1397, 20.5148996969
1398, 20.272785074
1399, 19.8708101003
1400, 20.4927955223
1401, 19.8599131936
1402, 13.106630474
1403, 10.1057855984
1404, 8.42881839316
1405, 7.01261274934
1406, 7.14310174064
1407, 7.16308062751
1408, 7.13292932474
1409, 7.52474836486
1410, 6.35977252612
1411, 6.20904560236
1412, 6.86147429928
1413, 10.2533295317
1414, 10.6455095259
1415, 10.716481331
1416, 10.6268835036
1417, 10.4164333084
1418, 10.4057563481
1419, 9.96347151518
1420, 9.72243362185
1421, 9.21019183096
1422, 7.90440021859
1423, 4.26849280493
1424, 3.65577055939
1425, 3.25403297448
1426, 3.00302474861
1427, 3.76609622131
1428, 3.31431241108
1429, 3.31650705979
1430, 3.24636043009
1431, 3.46734591671
1432, 3.17588224524
1433, 3.32629174644
1434, 5.05329289655
1435, 4.9230286564
1436, 6.05788687259
1437, 12.4840841147
1438, 22.2289333423
1439, 28.1030247142
1440, 38.8537304041
1441, 44.0192855073
1442, 46.8038359939
1443, 49.1462065473
1444, 48.42362898
1445, 50.0796395538
1446, 49.5861927654
1447, 43.3787344566
1448, 34.3052562959
1449, 28.8316166739
1450, 18.7236824301
1451, 14.5653294348
1452, 12.8978514164
1453, 10.6461591703
1454, 9.40110612558
1455, 8.10559704613
1456, 8.36643792767
1457, 9.79174654229
1458, 9.5911125166
1459, 9.44109079829
1460, 9.80301063878
1461, 9.08014120735
1462, 11.4068152024
1463, 18.4071691575
1464, 19.2622632943
1465, 19.3139139738
1466, 18.5019561942
1467, 15.8512219667
1468, 15.8898189816
1469, 16.0193099204
1470, 15.4267199682
1471, 15.3363396976
1472, 12.1346933843
1473, 4.80100352774
1474, 4.26863023116
1475, 4.34882107044
1476, 4.33875885123
1477, 4.3087026303
1478, 3.7966268994
1479, 3.44523295344
1480, 3.28441036194
1481, 2.89259824424
1482, 2.59325780597
1483, 2.62337267959
1484, 2.57311923327
1485, 1.84999889641
1486, 1.48844998771
1487, 2.3419251187
1488, 3.96863932396
1489, 4.04926575263
1490, 4.23030664754
1491, 4.97376778013
1492, 7.39386225669
1493, 10.6872523005
1494, 10.4770338549
1495, 10.4980392345
1496, 10.5690750412
1497, 9.79573088794
1498, 8.0974962894
1499, 8.02672379314
1500, 7.75559882393
1501, 6.98233637213
1502, 4.53976492925
1503, 1.21528455863
1504, 1.13496400996
1505, 1.08473594939
1506, 0.974254810464
1507, 0.713142781673
1508, 0.662901612716
1509, 0.632734499896
1510, 0.765201037846
1511, 0.745147830601
1512, 1.1468271569
1513, 2.17104922324
1514, 3.14524302025
1515, 7.89475366369
1516, 10.4881969241
1517, 10.5497413476
1518, 10.6712356708
1519, 11.5054427602
1520, 11.9448063044
1521, 13.1287258703
1522, 13.8214785419
1523, 13.279547025
1524, 12.2856564639
1525, 8.15776551343
1526, 6.94015482927
1527, 7.6630927942
1528, 7.89611653877
1529, 6.98255059413
1530, 6.35009809238
1531, 6.62071354988
1532, 9.78311048923
1533, 10.1952334315
1534, 10.1961924515
1535, 10.2471992974
1536, 9.03255775199
1537, 10.1863811805
1538, 11.9409902773
1539, 16.0783258254
1540, 16.2400589412
1541, 15.7588178617
1542, 11.8023623203
1543, 11.4930366371
1544, 12.1751583351
1545, 12.4478380381
1546, 12.5082787662
1547, 10.6805337235
1548, 8.68198343151
1549, 9.38355293199
1550, 11.5125061313
1551, 11.081331043
1552, 10.9618821696
1553, 10.3383886238
1554, 9.88610662001
1555, 9.23025404382
1556, 9.17969005233
1557, 9.3604432446
1558, 9.7621825354
1559, 8.56810544009
1560, 6.33898645327
1561, 5.93778021011
1562, 6.30981640216
1563, 6.74212158666
1564, 6.98257933319
1565, 7.46412183352
1566, 8.18930304145
1567, 13.1897427281
1568, 15.2226428022
1569, 11.8170159621
1570, 11.7980381912
1571, 11.6484038215
1572, 11.2160028134
1573, 10.7127002049
1574, 10.2704495937
1575, 9.47703913704
1576, 8.61135455839
1577, 3.33846784235
1578, 0.903895985996
1579, 0.692993109355
1580, 0.552406759205
1581, 0.542374811961
1582, 0.763243511859
1583, 1.50625628803
1584, 2.04857969206
1585, 5.5329258361
1586, 6.0959160045
1587, 6.83158923058
1588, 11.460915138
1589, 18.0989664766
1590, 23.8032006659
1591, 30.602656317
1592, 32.0216023115
1593, 33.0076766067
1594, 36.6830647576
1595, 41.2265412026
1596, 46.3494240532
1597, 48.883067954
1598, 46.5348744185
1599, 40.0487288827
1600, 34.3940643504
1601, 27.8443739307
1602, 27.4614411428
1603, 26.9784726525
1604, 22.9209296796
1605, 14.9007668031
1606, 9.19444925746
1607, 6.75158463463
1608, 6.18026476304
1609, 6.83301798491
1610, 6.83349526367
1611, 6.86408573598
1612, 5.67923008482
1613, 4.78502538704
1614, 5.316835399
1615, 10.0761753203
1616, 10.2275864225
1617, 10.6780200529
1618, 9.29083263944
1619, 9.41194019773
1620, 10.1765400806
1621, 10.3669994723
1622, 10.2968589924
1623, 9.98562214071
1624, 9.36294395164
1625, 4.76280912604
1626, 4.70240390516
1627, 3.60757446528
1628, 3.24604260313
1629, 2.47269954324
1630, 1.86808090789
1631, 1.55672833303
1632, 1.66718053685
1633, 1.84797073103
1634, 2.02878713033
1635, 2.24971269025
1636, 2.38032437533
1637, 2.27996779335
1638, 2.47276954808
1639, 3.04510871812
1640, 3.54716875091
1641, 6.09950335215
1642, 8.33101139872
1643, 11.6652903141
1644, 14.0982115196
1645, 25.0818856621
1646, 25.608230103
1647, 27.0278078446
1648, 27.3485936486
1649, 28.0324343738
1650, 27.3579572531
1651, 24.7735538653
1652, 22.551956691
1653, 19.0066494364
1654, 16.3329115506
1655, 5.06592900688
1656, 4.3107382512
1657, 2.85241431014
1658, 2.83214915894
1659, 1.96832572466
1660, 2.91228023881
1661, 3.80614409669
1662, 6.6580577809
1663, 8.08450571955
1664, 8.63751127741
1665, 11.351120786
1666, 15.9726740739
1667, 22.2024877735
1668, 29.1517816975
1669, 33.1324741019
1670, 35.1632657354
1671, 37.5867322767
1672, 39.6672518425
1673, 49.7478828831
1674, 52.7131897584
1675, 53.2650112306
1676, 52.8747046011
1677, 46.726221464
1678, 39.7348330495
1679, 36.5878171036
1680, 34.699305661
1681, 31.7638670796
1682, 26.5492918346
1683, 15.2907659605
1684, 14.0547709142
1685, 13.0196534667
1686, 9.08092684081
1687, 9.121767462
1688, 8.6805859066
1689, 7.66611923839
1690, 7.42422642039
1691, 7.8556670793
1692, 8.05677535696
1693, 8.68151758757
1694, 7.68518115403
1695, 6.46987974164
1696, 6.84150148811
1697, 7.33387542743
1698, 7.40453945832
1699, 7.1133110137
1700, 6.60085130393
1701, 5.85748901123
1702, 5.99992040635
1703, 5.35512716091
1704, 4.23035339505
1705, 3.33648626451
1706, 3.78014406642
1707, 3.48894386965
1708, 3.92082985355
1709, 4.31266299231
1710, 4.91531346286
1711, 5.38729886721
1712, 5.60629196885
1713, 6.33943484089
1714, 7.05257911437
1715, 7.36401344892
1716, 9.50055529654
1717, 12.4831527176
1718, 17.4157858855
1719, 19.0437278763
1720, 22.3004781684
1721, 37.5857109184
1722, 37.0764182128
1723, 36.2747751868
1724, 37.2203277336
1725, 39.9752088376
1726, 36.8512048453
1727, 33.5653731868
1728, 28.1106640415
1729, 26.0420618473
1730, 21.9717007329
1731, 6.22083154029
1732, 6.34138793301
1733, 7.54630284208
1734, 7.04397284337
1735, 5.60146844678
1736, 9.10819671677
1737, 14.671820275
1738, 35.7905615698
1739, 38.5859274975
1740, 40.3071854156
1741, 45.9659044589
1742, 54.5660875805
1743, 59.3856191727
1744, 67.529815118
1745, 73.1500289073
1746, 77.6890206187
1747, 78.0973037114
1748, 67.8822361288
1749, 76.3781887674
1750, 80.3323668823
1751, 78.3332855887
1752, 72.066117169
1753, 66.2900963039
1754, 57.0365219384
1755, 49.8940386389
1756, 42.2881167474
1757, 36.978437016
1758, 26.048943499
1759, 14.8906581099
1760, 9.17003997458
1761, 8.27530717859
1762, 7.41326565451
1763, 12.7653530438
1764, 23.8313062298
1765, 23.6434738765
1766, 23.6154693687
1767, 23.3361174284
1768, 24.1903746066
1769, 24.388775583
1770, 25.7027390418
1771, 24.7885893847
1772, 27.0760784971
1773, 22.0951487885
1774, 11.2290429799
1775, 11.1896684019
1776, 10.6777278385
1777, 10.5463830085
1778, 9.76237998612
1779, 9.48107273332
1780, 8.33605858876
1781, 6.32750451159
1782, 2.52096994896
1783, 1.97856608313
1784, 1.75761548671
1785, 2.4002278161
1786, 4.26990300311
1787, 4.36059127732
1788, 4.5718251262
1789, 4.57223459138
1790, 5.11462062606
1791, 6.48193499946
1792, 6.57230270886
1793, 7.49623395166
1794, 8.25974903423
1795, 16.41886591
1796, 18.0561307576
1797, 18.8611113645
1798, 21.3631015916
1799, 21.2849410088
1800, 20.4609634676
1801, 19.2624462738
1802, 21.481209146
1803, 21.5710332121
1804, 23.209535805
1805, 15.4204743366
1806, 12.1553299305
1807, 11.2215851445
1808, 8.49981934185
1809, 8.82277689191
1810, 9.6356666272
1811, 13.2622981243
1812, 13.7341418845
1813, 16.4076298609
1814, 17.9888083695
1815, 18.2816658877
1816, 20.6322154091
1817, 32.073174695
1818, 33.2115146768
1819, 33.5319828488
1820, 36.9090482796
1821, 42.0207286845
1822, 44.1081999134
1823, 45.7524746702
1824, 47.7466639663
1825, 51.2937341215
1826, 66.0316354477
1827, 66.067112229
1828, 71.6134079579
1829, 77.2703968424
1830, 75.1031649244
1831, 66.2232706544
1832, 61.239597014
1833, 55.6640301394
1834, 49.5158704857
1835, 44.6336519633
1836, 27.3907633989
1837, 16.2221901315
1838, 9.54134082649
1839, 3.29430930052
1840, 3.21347557095
1841, 6.02713742925
1842, 14.8270050901
1843, 23.7124163427
1844, 24.0971295725
1845, 24.6521612364
1846, 24.7145214114
1847, 24.2120886297
1848, 24.1894520921
1849, 26.1461915361
1850, 24.8506972898
1851, 22.6212255474
1852, 13.9403153063
1853, 5.18506868286
1854, 4.81334768475
1855, 4.30084194143
1856, 4.28058779357
1857, 4.29057471004
1858, 4.24038420805
1859, 2.46262562483
1860, 1.9805400556
1861, 1.57676850265
1862, 1.71936903695
1863, 1.56882613781
1864, 5.68553483411
1865, 16.0177115037
1866, 18.5317872606
1867, 19.6707392971
1868, 20.5671041009
1869, 22.8840324439
1870, 25.1519620553
1871, 26.4160555983
1872, 27.3885384257
1873, 29.1867318377
1874, 27.3185088342
1875, 18.2290534471
1876, 15.5859932449
1877, 14.4495030235
1878, 13.6461323342
1879, 11.4722765052
1880, 10.3786556777
1881, 10.3119680602
1882, 11.4767823445
1883, 11.4187813181
1884, 9.62175878773
1885, 9.07982876349
1886, 9.93367540189
1887, 12.0943666901
1888, 13.3795439943
1889, 15.7293674619
1890, 16.0893355016
1891, 18.256655325
1892, 20.7087374689
1893, 21.2497206878
1894, 24.989826182
1895, 29.258421139
1896, 29.9023811101
1897, 29.2176216805
1898, 34.4190873082
1899, 38.395592645
1900, 38.5667242383
1901, 36.4466102716
1902, 35.9231971772
1903, 38.5741929416
1904, 52.971000016
1905, 50.5023553304
1906, 54.9759674713
1907, 58.0117289706
1908, 52.3904691153
1909, 45.6778005979
1910, 43.8083162181
1911, 42.2814183753
1912, 37.9613863974
1913, 33.3405168539
1914, 15.2277177812
1915, 13.0081540327
1916, 7.19111396391
1917, 2.57128644563
1918, 2.85222410537
1919, 5.55328226617
1920, 7.02968610043
1921, 8.53643683003
1922, 8.93907078899
1923, 9.10037219003
1924, 9.19049921711
1925, 8.85886381905
1926, 8.83853510302
1927, 9.46100966422
1928, 8.23580417824
1929, 5.75493632295
1930, 4.30870759202
1931, 3.00313231222
1932, 2.74191298203
1933, 2.39033591348
1934, 3.34606329754
1935, 3.48686873599
1936, 3.51721423229
1937, 3.70807186383
1938, 4.80286488086
1939, 6.26879174939
1940, 7.19279373454
1941, 7.54478065036
1942, 12.977191335
1943, 38.6679698008
1944, 52.9552008635
1945, 66.0704077775
1946, 67.8260814275
1947, 71.6630171187
1948, 74.2436005403
1949, 75.5254686543
1950, 75.3119773353
1951, 75.0706744531
1952, 69.5271474511
1953, 43.8893661311
1954, 28.1524522161
1955, 14.9187010833
1956, 14.6489912626
1957, 11.3807289829
1958, 10.6691573701
1959, 9.54652053339
1960, 9.60964381648
1961, 15.3555310002
1962, 17.013450535
1963, 18.0986156939
1964, 18.7218207256
1965, 20.1004890096
1966, 20.6419131898
1967, 21.3540709713
1968, 22.8779296191
1969, 23.0975122168
1970, 26.9120416594
1971, 24.8733926727
1972, 28.0091463632
1973, 29.9980547462
1974, 33.2343499291
1975, 36.6270623109
1976, 37.4589894174
1977, 40.5116768202
1978, 39.4292125029
1979, 45.3057470195
1980, 53.677653093
1981, 55.6957131205
1982, 59.1112809342
1983, 58.0298745241
1984, 54.2461556932
1985, 49.3743507061
1986, 46.319972148
1987, 41.3165243908
1988, 37.8883080323
1989, 30.6264125084
1990, 19.7829593659
1991, 14.5103274723
1992, 6.42372651372
1993, 4.22471357822
1994, 5.21705753904
1995, 7.48808804004
1996, 7.7994114548
1997, 7.81987985048
1998, 7.88071389406
1999, 7.38680772077
2000, 5.37562892034
2001, 4.79274899723
2002, 4.73250223512
2003, 4.83298943753
2004, 3.65791978272
2005, 1.78772058795
2006, 2.48047634412
2007, 2.93241002714
2008, 2.99288664634
2009, 2.90276759812
2010, 4.037539069
2011, 4.10783927805
2012, 4.37892062697
2013, 13.0801802264
2014, 14.4371059466
2015, 15.9544598606
2016, 17.7530581407
2017, 18.8595488357
2018, 23.1264650023
2019, 29.9259570178
2020, 30.630241544
2021, 31.8265577028
2022, 31.5268411257
2023, 22.9141835581
2024, 21.5370388969
2025, 19.6176788268
2026, 17.2468570695
2027, 15.7201174471
2028, 12.2046861109
2029, 7.43152589172
2030, 6.68844957097
2031, 6.42753527931
2032, 6.59891800838
2033, 7.26606532824
2034, 9.80837321293
2035, 10.6017697526
2036, 10.7123765613
2037, 11.3052395518
2038, 10.9641523908
2039, 9.19625742192
2040, 9.48690278994
2041, 16.3847429137
2042, 19.4483437845
2043, 20.1607024604
2044, 22.5415710055
2045, 25.7567180057
2046, 27.861489625
2047, 32.6246330027
2048, 38.1908007443
2049, 42.5057679797
2050, 43.6835119409
2051, 37.5481765374
2052, 41.2050732701
2053, 47.2697682018
2054, 49.1551318244
2055, 49.6622664509
2056, 48.7992250186
2057, 43.8956380657
2058, 37.9577088892
2059, 33.4410884774
2060, 30.8968127704
2061, 29.3593722077
2062, 23.3910886131
2063, 17.9751101534
2064, 12.019488332
2065, 7.89815864535
2066, 6.27773329385
2067, 6.10719633235
2068, 6.45832141766
2069, 6.44799413531
2070, 6.43793160329
2071, 6.0764911056
2072, 5.73685816252
2073, 3.88875442143
2074, 3.28612836206
2075, 2.92470806501
2076, 2.94690217837
2077, 2.50499438987
2078, 20.7143179755
2079, 22.2830767724
2080, 23.4004299498
2081, 24.5081035231
2082, 24.1580771659
2083, 24.4186775999
2084, 24.4461087783
2085, 24.8979721506
2086, 26.4723377378
2087, 28.4507027068
2088, 11.4610404266
2089, 11.4933703964
2090, 10.6907259298
2091, 10.610635139
2092, 12.3578026397
2093, 12.4361719526
2094, 12.3056588642
2095, 12.2054165363
2096, 10.6991034753
2097, 14.3932255435
2098, 15.3671215114
2099, 16.3196531766
2100, 18.4918524701
2101, 18.7746614822
2102, 20.3509012089
2103, 20.4011100239
2104, 23.3835748104
2105, 25.9985202897
2106, 27.5758150074
2107, 25.6669351238
2108, 24.3418508933
2109, 24.0608281179
2110, 22.2412041187
2111, 22.7573978008
2112, 20.8186034941
2113, 22.8468466715
2114, 26.9630366809
2115, 37.8055451626
2116, 42.7883821495
2117, 43.6446233086
2118, 49.3313697921
2119, 54.7057002843
2120, 64.5759775418
2121, 64.7233618802
2122, 66.7033616995
2123, 67.5700058802
2124, 65.2312428143
2125, 58.0493411167
2126, 55.0159939478
2127, 51.5426219221
2128, 46.822909931
2129, 40.3452601037
2130, 30.2407583118
2131, 28.4923749038
2132, 25.298428991
2133, 22.8554326223
2134, 18.5263121336
2135, 12.3655798335
2136, 8.88066608709
2137, 7.81631472734
2138, 5.50622893543
2139, 4.98359964624
2140, 4.61194429556
2141, 5.01553546466
2142, 4.72442669029
2143, 6.80668136275
2144, 6.69454472351
2145, 6.53426825615
2146, 6.2736365585
2147, 7.08742562742
2148, 18.4450240949
2149, 31.6411087507
2150, 37.2070023788
2151, 36.9383520511
2152, 36.8727175473
2153, 33.8769072421
2154, 33.6127829166
2155, 33.7002345754
2156, 34.2719484645
2157, 34.1415024259
2158, 22.9211103576
2159, 10.6758936
2160, 6.30699592658
2161, 6.19687237857
2162, 7.26147947659
2163, 7.0209639016
2164, 6.78006292687
2165, 6.77970914591
2166, 6.87994990507
2167, 10.5143820906
2168, 12.9165823568
2169, 17.5418276951
2170, 17.6036082811
2171, 18.1597812854
2172, 21.1223209456
2173, 21.4745662109
2174, 21.8457055194
2175, 22.8995705194
2176, 23.6832434169
2177, 20.6213197636
2178, 18.53016468
2179, 12.9504606391
2180, 12.207386298
2181, 15.0366965756
2182, 11.8328757395
2183, 13.2892696721
2184, 13.1494704341
2185, 13.4108984035
2186, 13.5108816295
2187, 12.986482758
2188, 15.8018994712
2189, 18.1438788484
2190, 20.0624371082
2191, 19.3694653967
2192, 20.0935561726
2193, 21.2023470217
2194, 26.9561003024
2195, 26.4044458677
2196, 24.8686597257
2197, 24.0560187404
2198, 21.0493865569
2199, 18.7360537114
2200, 16.6660208943
2201, 14.0948865048
2202, 12.7995252641
2203, 10.1241838094
2204, 4.63023904071
2205, 3.72016056759
2206, 4.01337111659
2207, 4.30463951897
2208, 4.36490075587
2209, 3.63176914757
2210, 3.41076463819
2211, 3.46090865647
2212, 3.13959746744
2213, 3.51104970139
2214, 6.7862681441
2215, 6.67239657947
2216, 6.47004822159
2217, 10.9004643327
2218, 27.5507083551
2219, 31.0270448063
2220, 37.6066114398
2221, 37.7317305609
2222, 37.7855101452
2223, 37.2313726673
2224, 33.6920953481
2225, 33.7409173833
2226, 34.0110990488
2227, 29.8611760287
2228, 12.9179537087
2229, 9.35267264985
2230, 3.11549474395
2231, 2.69374599154
2232, 2.59329946686
2233, 2.72381963767
2234, 2.8845617265
2235, 3.85844805409
2236, 6.46291758682
2237, 10.4093676842
2238, 14.2340895228
2239, 16.8082050553
2240, 18.2194805058
2241, 18.6625374995
2242, 19.658756618
2243, 21.5861536864
2244, 22.3409831798
2245, 22.0916360506
2246, 20.0911264971
2247, 18.5240100355
2248, 15.1395451528
2249, 13.5306108678
2250, 11.7091922537
2251, 11.2174826433
2252, 11.8072971587
2253, 15.0014629776
2254, 19.5944442215
2255, 23.8209507691
2256, 27.7169880165
2257, 28.0603491907
2258, 28.1021030856
2259, 29.1202871933
2260, 30.3049951482
2261, 32.282594362
2262, 35.9788074309
2263, 36.5184819683
2264, 33.2192856406
2265, 30.62906706
2266, 31.3744272341
2267, 31.5153158902
2268, 36.2566484731
2269, 36.4480873249
2270, 36.8410306991
2271, 35.7366576624
2272, 31.044370214
2273, 25.5298431941
2274, 23.3096643751
2275, 21.2303079654
2276, 16.8689710388
2277, 13.5547066062
2278, 8.20970734564
2279, 6.08674561936
2280, 4.33925424392
2281, 4.40901634085
2282, 4.2280449814
2283, 4.43898576974
2284, 4.61997674692
2285, 6.21662434625
2286, 5.79482201229
2287, 8.21492314829
2288, 8.58712844164
2289, 9.03161817172
2290, 9.08205300533
2291, 8.07778586456
2292, 7.91668036898
2293, 7.35396560881
2294, 6.99236339627
2295, 5.68645675667
2296, 5.12408754941
2297, 3.1856039193
2298, 3.87851253602
2299, 11.4976291344
2300, 17.4328591027
2301, 22.8106024794
2302, 26.4581237284
2303, 30.9132800196
2304, 35.0253448355
2305, 47.8976442672
2306, 50.100446912
2307, 50.6045928043
2308, 51.0481327533
2309, 56.1399479113
2310, 50.7059655688
2311, 45.6399250889
2312, 42.4478448345
2313, 38.0167684204
2314, 34.4853689976
2315, 21.4668451049
2316, 19.3658770807
2317, 20.4802417083
2318, 25.3840590041
2319, 15.8930018868
2320, 16.2860395656
2321, 16.1271295452
2322, 17.634374353
2323, 18.2164410747
2324, 19.0085091719
2325, 21.6188660976
2326, 25.0134258346
2327, 23.437339448
2328, 18.6430900853
2329, 30.5934177998
2330, 34.4429216164
2331, 41.3104361967
2332, 52.1688914106
2333, 65.0591695472
2334, 64.0374665311
2335, 69.6749515012
2336, 77.2380930932
2337, 78.1455294006
2338, 78.4896787111
2339, 64.0944999062
2340, 59.2829111651
2341, 56.3289956276
2342, 44.5551879799
2343, 34.7855194384
2344, 36.8366508871
2345, 32.0082995867
2346, 22.5275951058
2347, 22.3996151091
2348, 23.4500508982
2349, 26.5126912603
2350, 26.6136465499
2351, 22.5665269292
2352, 21.3419151001
2353, 17.599834261
2354, 15.3369377816
2355, 11.9354724993
2356, 11.0213625273
2357, 12.2723376098
2358, 18.4270022089
2359, 19.7830561014
2360, 24.2957340458
2361, 33.0742472465
2362, 38.7427508985
2363, 45.0941294469
2364, 50.9532346261
2365, 54.8312085083
2366, 54.4105625923
2367, 52.0909015125
2368, 54.9216415474
2369, 49.6593245255
2370, 45.2183973638
2371, 39.7650132002
2372, 34.6631294558
2373, 28.9028186597
2374, 33.1671327222
2375, 30.1958467943
2376, 31.5324716741
2377, 34.5662358064
2378, 27.7154088817
2379, 28.7896324115
2380, 28.669040545
2381, 26.1087694996
2382, 29.6834940376
2383, 34.0325883168
2384, 28.3751412904
2385, 27.8042830942
2386, 29.574909151
2387, 28.9145464854
2388, 28.471393949
2389, 31.1761180761
2390, 33.5065683061
2391, 43.6865155934
2392, 43.8258935063
2393, 39.6716477722
2394, 48.4430239124
2395, 57.3923234072
2396, 75.1029503211
2397, 81.3515019546
2398, 77.3171147417
2399, 73.480427201
2400, 74.1642435372
2401, 64.4011457249
2402, 61.6170991365
2403, 62.8878536829
2404, 52.3146128228
2405, 43.3059466673
2406, 22.9879365707
2407, 14.9414494088
2408, 14.403496817
2409, 14.2625466299
2410, 11.3496324668
2411, 10.0841087172
2412, 8.5171422661
2413, 6.80955354191
2414, 4.84079051447
2415, 6.59971283135
2416, 13.7728568213
2417, 16.2984258979
2418, 23.1100406639
2419, 30.0911281994
2420, 36.5905523555
2421, 40.6186615502
2422, 47.0987933255
2423, 52.3118267721
2424, 52.7445723361
2425, 51.6479132102
2426, 44.4130220535
2427, 41.1748930758
2428, 34.8742548895
2429, 28.4858423129
2430, 21.9876291436
2431, 18.1609388222
2432, 12.7051163837
2433, 7.85406294771
2434, 8.3758894228
2435, 9.32157768574
2436, 13.641542722
2437, 15.3195524648
2438, 18.626145329
2439, 22.2641315907
2440, 28.0792032101
2441, 33.7753172098
2442, 40.0119841712
2443, 43.6390350488
2444, 52.7615747682
2445, 52.3517370841
2446, 55.0424696659
2447, 58.4575050569
2448, 56.8701804204
2449, 59.166610004
2450, 53.7945298105
2451, 49.1528185598
2452, 42.79473127
2453, 38.5266020611
2454, 27.7568965187
2455, 25.7555371021
2456, 17.8295881645
2457, 12.807484424
2458, 10.8789863384
2459, 5.15391206426
2460, 4.69206114244
2461, 3.79835891311
2462, 3.45703827824
2463, 4.04962225623
2464, 4.04764176768
2465, 3.9071093073
2466, 4.26869071533
2467, 4.94138724857
2468, 5.10194976169
2469, 4.3085874553
2470, 4.15822948773
2471, 3.8069319781
2472, 4.66014620326
2473, 5.84474071658
2474, 7.3109678784
2475, 10.4864417562
2476, 10.4372796047
2477, 10.0361961809
2478, 10.0865903374
2479, 10.7192747913
2480, 11.1004222576
2481, 11.2709800184
2482, 10.1482071282
2483, 9.41480108448
2484, 8.03882422353
2485, 5.15433130809
2486, 5.40544615672
2487, 5.27503715851
2488, 5.45560152557
2489, 8.12623681987
2490, 8.98024341376
2491, 12.6357313066
2492, 19.0407707764
2493, 22.2353796016
2494, 25.4217680644
2495, 37.0727476246
2496, 68.7095395433
2497, 71.4159913483
2498, 74.8573182726
2499, 74.0496809681
2500, 75.5195079703
2501, 74.2884089244
2502, 71.335056985
2503, 68.2823131205
2504, 66.101307269
2505, 61.1565488958
2506, 34.4479808653
2507, 37.2696641798
2508, 33.3326907244
2509, 32.4126383226
2510, 29.7819852593
2511, 27.1901358381
2512, 23.4887220313
2513, 22.2628660894
2514, 21.0473950627
2515, 14.3078436932
2516, 8.94068748164
2517, 3.16564625341
2518, 3.07528793428
2519, 1.67723055985
2520, 1.54675964795
2521, 1.53677108901
2522, 2.20950295675
2523, 2.70158222632
2524, 2.85225547136
2525, 2.60131860474
2526, 2.50108282702
2527, 3.28421873498
2528, 5.77419976009
2529, 6.08574558889
2530, 6.75909115939
2531, 8.1655366474
2532, 7.65393491489
2533, 7.15160902705
2534, 7.27187197798
2535, 7.75393756822
2536, 8.46664590534
2537, 8.50851499357
2538, 6.14853723059
2539, 6.27919925641
2540, 9.60278150066
2541, 9.89421852879
2542, 14.0516724243
2543, 19.4147381436
2544, 21.0332566653
2545, 31.6471034827
2546, 37.5732640519
2547, 52.4135477903
2548, 56.3328828618
2549, 55.5038293795
2550, 51.8298619224
2551, 51.5889110797
2552, 51.8361322145
2553, 48.0811774327
2554, 47.7720568595
2555, 40.470896832
2556, 48.5108409528
2557, 53.0990053498
2558, 48.9456758707
2559, 49.0313118176
2560, 48.7246396199
2561, 47.2687501547
2562, 42.6533192135
2563, 41.0093360699
2564, 39.7419980451
2565, 35.9658515134
2566, 21.3847949894
2567, 0.954157279257
2568, 0.833729625384
2569, 1.29554371908
2570, 5.53865934428
2571, 5.84050169461
2572, 6.43360235084
2573, 6.63527298636
2574, 6.48530619466
2575, 9.09530017323
2576, 9.82802993797
2577, 10.0694637865
2578, 10.2607530862
2579, 11.5363371313
2580, 9.10936659011
2581, 10.0551152845
2582, 10.973174086
2583, 11.5865020936
2584, 17.7820273598
2585, 30.967415564
2586, 33.5103693852
2587, 37.2025965384
2588, 39.0441026597
2589, 40.0403508271
2590, 47.8517314291
2591, 53.4236704902
2592, 70.9682665222
2593, 71.3944337037
2594, 65.4533203554
2595, 50.2574587194
2596, 47.9881317942
2597, 46.4132009389
2598, 52.1434808514
2599, 53.6001616582
2600, 48.7981264028
2601, 43.161813724
2602, 27.2358035542
2603, 26.6936639416
2604, 26.4120525651
2605, 26.1201352103
2606, 24.9247953307
2607, 22.5440780274
2608, 14.7799537929
2609, 11.2041843393
2610, 10.0882956811
2611, 9.66287326201
2612, 6.53216907946
2613, 5.87006992302
2614, 5.66980713168
2615, 5.45827500064
2616, 7.73683801107
2617, 7.72704567107
2618, 8.07078250203
2619, 10.1293559654
2620, 6.48426035547
2621, 6.18898950838
2622, 6.24943737682
2623, 8.45886457595
2624, 10.6275652368
2625, 12.0937409791
2626, 12.5958984717
2627, 14.0429853434
2628, 24.8994922342
2629, 45.9414217974
2630, 49.2616316412
2631, 50.1702832274
2632, 51.7239586555
2633, 52.0674439828
2634, 54.4021181021
2635, 55.5436770925
2636, 52.9535497308
2637, 51.689309321
2638, 40.7887650718
2639, 18.4247528116
2640, 16.6237594473
2641, 20.2701779832
2642, 20.3893871353
2643, 18.7152078625
2644, 15.6144161075
2645, 13.1645936019
2646, 12.9934644381
2647, 13.1052316262
2648, 16.1072158666
2649, 15.1431082222
2650, 13.5365042922
2651, 8.52336301775
2652, 6.78638534849
2653, 5.94023707278
2654, 4.63201165164
2655, 4.69214484913
2656, 4.97337000688
2657, 5.30278827728
2658, 7.7237884731
2659, 7.62416789076
2660, 7.83596572335
2661, 7.88711626576
2662, 10.4684135703
2663, 13.8113532732
2664, 16.0402982221
2665, 16.9851502278
2666, 23.6875661838
2667, 23.0665087519
2668, 18.8062474518
2669, 20.0316843411
2670, 20.6752551261
2671, 20.7147086125
2672, 18.2134404664
2673, 14.9294070246
2674, 12.9103010577
2675, 11.7951843523
2676, 6.21047061478
2677, 6.8955022514
2678, 5.88131735193
2679, 4.2545891118
2680, 3.60399431445
2681, 5.23050168376
2682, 5.20036755729
2683, 5.05988056187
2684, 4.74877830026
2685, 4.59838163091
2686, 3.17797283632
2687, 2.72370172631
2688, 2.48263690747
2689, 2.98475202644
2690, 3.67565544299
2691, 2.05885137962
2692, 2.18957882014
2693, 2.19980834338
2694, 3.17382921659
2695, 5.49512916258
2696, 6.22842828469
2697, 8.09647191355
2698, 9.81422207424
2699, 10.8893212189
2700, 11.2910818628
2701, 11.7133164137
2702, 12.5972193396
2703, 12.6876530278
2704, 11.8137732418
2705, 9.55182781637
2706, 9.43106287013
2707, 7.58286980162
2708, 6.23686843136
2709, 4.78071795747
2710, 3.4953466269
2711, 3.01327854629
2712, 1.94863993313
2713, 1.84810791561
2714, 1.84798816938
2715, 4.23762478568
2716, 4.05706804845
2717, 4.27831490266
2718, 3.92723961655
2719, 4.34945872798
2720, 5.04209542504
2721, 5.96565658586
2722, 11.9018246241
2723, 15.3407095902
2724, 18.9386631064
2725, 24.8938813274
2726, 25.3183107517
2727, 25.2592726553
2728, 25.1292910128
2729, 24.6777978273
2730, 24.3948402265
2731, 25.9555528165
2732, 21.2431463382
2733, 17.9655482471
2734, 14.2682111617
2735, 5.88231859024
2736, 5.05850545786
2737, 4.72650564401
2738, 4.63594695769
2739, 5.1681077995
2740, 6.66415811819
2741, 4.68991238155
2742, 4.65985325584
2743, 5.31306676503
2744, 6.79965604364
2745, 9.74173547696
2746, 11.5797109888
2747, 14.3115016372
2748, 19.3247691307
2749, 22.6696240972
2750, 27.6926248703
2751, 28.1964703539
2752, 28.6899485247
2753, 27.9676605534
2754, 26.4914267734
2755, 23.8285608003
2756, 22.5821470229
2757, 20.0910791478
2758, 15.0873989587
2759, 11.1706122192
2760, 4.2185796528
2761, 3.18399584199
2762, 1.63710291423
2763, 1.55673737419
2764, 1.76761180254
2765, 1.70732518982
2766, 1.28551626124
2767, 1.38590387334
2768, 2.05874322594
2769, 2.47058937352
2770, 9.65571449061
2771, 12.984249488
2772, 15.3453211856
2773, 20.7107704784
2774, 21.3859523708
2775, 21.7680104663
2776, 21.6171499413
2777, 21.2758931006
2778, 20.6221672868
2779, 20.3501945066
2780, 13.4843068403
2781, 10.2563379137
2782, 7.7857139266
2783, 2.41052121308
2784, 1.53680313569
2785, 0.91403773194
2786, 0.873798627662
2787, 0.883806131575
2788, 1.52641952713
2789, 2.14899669863
2790, 2.88208664728
2791, 3.03302422458
2792, 4.9009572711
2793, 5.41349291886
2794, 6.01624455704
2795, 9.87202662516
2796, 11.3186698281
2797, 14.040219226
2798, 19.1515859621
2799, 27.2258938475
2800, 28.1733677961
2801, 27.9946140042
2802, 26.3091751952
2803, 26.279356839
2804, 27.0624685114
2805, 23.7165085076
2806, 23.5355233494
2807, 20.8946416209
2808, 17.0076613808
2809, 8.43058177071
2810, 6.80167451668
2811, 9.65332451195
2812, 10.2060927492
2813, 12.0035466073
2814, 12.1624347955
2815, 17.5309180608
2816, 17.0194329762
2817, 17.2011133028
2818, 15.3238356408
2819, 15.4347407114
2820, 15.9156589181
2821, 15.6549499648
2822, 16.2877307235
2823, 15.48456737
2824, 14.3805447453
2825, 9.23279571735
2826, 8.81091618575
2827, 9.38297043259
2828, 10.2062411166
2829, 10.7785928375
2830, 15.4294562791
2831, 17.5462580383
2832, 22.4070303388
2833, 24.9209870499
2834, 25.0943052257
2835, 24.4227102892
2836, 24.0913846
2837, 23.1764861112
2838, 22.3515147642
2839, 21.7180920522
2840, 19.395114463
2841, 15.6289775223
2842, 11.1114810194
2843, 7.72553614303
2844, 7.45518531027
2845, 7.7362982447
2846, 8.5694878015
2847, 9.30236265764
2848, 12.6157360723
2849, 15.6786623193
2850, 15.8414616937
2851, 28.4856703687
2852, 39.1754895354
2853, 54.8004784428
2854, 57.1554069867
2855, 56.8698537511
2856, 56.008301081
2857, 55.2942201728
2858, 51.9960536239
2859, 49.0303853552
2860, 45.794264675
2861, 32.1432791337
2862, 19.7256130187
2863, 3.56760246962
2864, 0.895936830875
2865, 0.966134077955
2866, 1.62883609773
2867, 1.92210996198
2868, 1.90217202696
2869, 1.55077044052
2870, 1.55088229371
2871, 1.8922112457
2872, 4.29992114618
2873, 6.75002284322
2874, 11.3814337236
2875, 14.224279372
2876, 17.653665436
2877, 26.5732668201
2878, 31.0857496527
2879, 35.6962953281
2880, 35.8831430497
2881, 35.6338532882
2882, 33.4537856575
2883, 31.2731817044
2884, 26.6600154063
2885, 23.8472188445
2886, 19.9163298181
2887, 10.8832113654
2888, 7.3656819805
2889, 3.7297056802
2890, 4.10751937411
2891, 6.45737699845
2892, 12.392009843
2893, 18.166526138
2894, 22.4055238202
2895, 28.2114646719
2896, 36.9014052551
2897, 41.2331699732
2898, 40.6119304835
2899, 40.3319438239
2900, 40.5734831295
2901, 38.3224560638
2902, 32.164114624
2903, 26.0572852857
2904, 21.7988994007
2905, 15.8629831601
2906, 7.11284285664
2907, 2.70167132522
2908, 3.32412597459
2909, 4.57106531553
2910, 5.62550614015
2911, 6.65029359369
2912, 10.0147927418
2913, 15.4598572264
2914, 16.0434434908
2915, 16.1548361012
2916, 16.4369464301
2917, 17.7525568068
2918, 17.3295685667
2919, 15.2882389258
2920, 13.3200055488
2921, 12.0648528013
2922, 8.86072680662
2923, 3.78633390181
2924, 3.18370844312
2925, 3.09339473979
2926, 3.97697008734
2927, 6.17765961441
2928, 8.15806371312
2929, 10.9423110158
2930, 11.7771736533
2931, 11.7884907944
2932, 11.8388248869
2933, 12.0692963215
2934, 12.239430382
2935, 12.1988929393
2936, 11.0037739259
2937, 7.37617787773
2938, 4.8029612256
2939, 2.01879338614
2940, 1.34581134672
2941, 3.95639523042
2942, 4.21775314492
2943, 3.88867307541
2944, 4.83494532733
2945, 5.87174276288
2946, 6.47610443355
2947, 6.84758867553
2948, 7.56086495053
2949, 8.15348406231
2950, 8.09322316469
2951, 5.47184946352
2952, 5.22272035868
2953, 4.96962885256
2954, 3.84262122468
2955, 2.84626737156
2956, 2.42245057129
2957, 2.36409054447
2958, 2.19323987843
2959, 2.81572754012
2960, 4.75386556264
2961, 6.08980849689
2962, 7.2651659656
2963, 9.33427962247
2964, 9.89729091173
2965, 9.8774904161
2966, 9.68676929774
2967, 9.45379110765
2968, 8.99135958786
2969, 8.29787714297
2970, 6.76109937309
2971, 5.60621082092
2972, 4.35895172271
2973, 2.70180430304
2974, 2.45071171326
2975, 2.45069873552
2976, 2.54109379707
2977, 3.07529800194
2978, 3.11551114197
2979, 20.8411763818
2980, 20.8411763818
2981, 20.8411763818
2982, 20.8411763818
2983, 20.8411763818
2984, 20.8411763818
