0, 21.2187070678
1, 21.2187070678
2, 21.2187070678
3, 21.2187070678
4, 21.2187070678
5, 0.261131472516
6, 0.31134239748
7, 0.200883450982
8, 0.200890894762
9, 0.26113027125
10, 0.271167826203
11, 0.281211940596
12, 0.301305295505
13, 0.552329969731
14, 0.51220063173
15, 0.522270756917
16, 8.3879001535
17, 8.4693352316
18, 8.48047088189
19, 8.61215100856
20, 8.63352172929
21, 8.65238145889
22, 8.63113065618
23, 8.34999569596
24, 8.35003905375
25, 8.46049958281
26, 0.552379609767
27, 0.472049548239
28, 0.462025882706
29, 0.291298111696
30, 0.251098413966
31, 0.210909547974
32, 0.210916483466
33, 0.190837955403
34, 0.220962384658
35, 0.180757147563
36, 0.261091363456
37, 0.261121357596
38, 0.261153108973
39, 0.301333210396
40, 0.271205833763
41, 0.441877509243
42, 0.552343886488
43, 0.612638134988
44, 1.23519046009
45, 3.9663508914
46, 5.25199915299
47, 5.32491713681
48, 5.32563038632
49, 5.55710559695
50, 5.79780343113
51, 5.91768469048
52, 9.99605761062
53, 11.6253149384
54, 11.3870143723
55, 8.72630666154
56, 7.8231644232
57, 8.17229461235
58, 8.93469960109
59, 8.69361054899
60, 8.85439932219
61, 8.904701153
62, 4.74475408234
63, 4.26024268276
64, 5.14188240818
65, 5.34299274773
66, 6.0359704906
67, 6.30749092409
68, 6.39793897521
69, 7.00042621317
70, 6.64914229238
71, 6.54875140897
72, 6.64915582113
73, 5.8856697731
74, 5.37311524746
75, 6.16635688924
76, 6.06592721649
77, 5.59426061958
78, 4.8614570589
79, 4.30923141843
80, 5.40358366813
81, 6.34721904828
82, 6.3373172704
83, 6.3174474031
84, 6.06661612252
85, 5.1627642248
86, 4.33894715595
87, 4.19833996691
88, 4.10803837015
89, 4.0878866154
90, 3.05331543998
91, 1.88822225324
92, 3.54486696042
93, 4.64947353635
94, 4.82047224606
95, 4.95148325255
96, 4.80145017699
97, 5.45419969684
98, 6.33749699726
99, 6.72903126345
100, 6.8998652511
101, 7.17127225078
102, 5.84558078206
103, 5.63622314965
104, 5.58593587983
105, 5.68849556336
106, 5.89967758404
107, 5.16680588291
108, 4.76489683169
109, 5.48755760562
110, 6.97360998554
111, 7.8072780799
112, 7.90818725357
113, 7.07306261802
114, 7.08324182833
115, 6.89030913622
116, 6.97040478447
117, 7.49255485995
118, 7.74356061356
119, 7.82367542244
120, 6.77920969676
121, 6.00612996519
122, 5.9259744067
123, 6.03651285195
124, 6.80944985253
125, 7.71312957219
126, 8.45640713104
127, 8.71175181199
128, 8.44293195497
129, 7.79013993184
130, 7.44859572963
131, 7.83003195182
132, 7.79982376009
133, 8.06085449753
134, 7.65899732665
135, 6.99626455774
136, 6.61464204846
137, 6.30952902266
138, 5.88591911805
139, 5.44393582619
140, 5.5141036001
141, 5.6544438824
142, 6.17647491094
143, 6.89133059805
144, 7.72492152166
145, 8.87004600578
146, 10.4468865568
147, 12.3351910072
148, 14.073017138
149, 14.7664474281
150, 14.3351419863
151, 14.1242127228
152, 14.1056440136
153, 14.7455974386
154, 13.5102080261
155, 12.425897623
156, 11.060259076
157, 9.41329751094
158, 8.06724947201
159, 7.28379807963
160, 7.60526820406
161, 7.31589824117
162, 6.39988851844
163, 4.23040764145
164, 4.06962087706
165, 3.59761353129
166, 3.4165890385
167, 3.63743470799
168, 3.65770284088
169, 3.59769004655
170, 3.61791966649
171, 4.30877036848
172, 5.26261692227
173, 6.96964979708
174, 7.52227446604
175, 9.12940099263
176, 9.71209272408
177, 10.3990687461
178, 11.6243030614
179, 13.1108408564
180, 13.8542462212
181, 13.3623678272
182, 13.0210167736
183, 12.2775763254
184, 11.8555855298
185, 10.8108832819
186, 10.0676989706
187, 9.01932108744
188, 7.37227420701
189, 6.2272478402
190, 6.00000179124
191, 5.64849449106
192, 5.93953399698
193, 6.381289296
194, 6.67273436329
195, 6.26117958281
196, 5.94006739945
197, 6.23132651271
198, 7.02447845113
199, 7.31552426247
200, 9.03850225298
201, 11.077334059
202, 11.8529126367
203, 11.6444028086
204, 12.0467057806
205, 12.6194107729
206, 13.2318035142
207, 12.5990558066
208, 11.7856069258
209, 11.6548414389
210, 10.0093614602
211, 8.37206719427
212, 7.32550742464
213, 6.82151384232
214, 6.11864502676
215, 6.11855205011
216, 5.35539031552
217, 5.51612906314
218, 6.87169647313
219, 7.24325106048
220, 7.31146299008
221, 8.19525852102
222, 8.43667651078
223, 7.99503410605
224, 7.74405489651
225, 8.09540475165
226, 8.52713161942
227, 8.69768179092
228, 8.19546708242
229, 8.20562133625
230, 9.14933905568
231, 9.42034574241
232, 10.1637222404
233, 10.5458861718
234, 10.3456153915
235, 9.160672801
236, 9.28081094885
237, 9.63378372622
238, 9.69368313332
239, 9.92464412771
240, 8.95065924611
241, 7.75578451096
242, 6.70132604624
243, 6.09889821832
244, 6.32981669084
245, 7.99648922491
246, 8.53863878186
247, 8.7174292715
248, 9.1594878019
249, 8.99924016225
250, 8.45712788142
251, 8.15587826852
252, 9.22013826535
253, 10.4150771253
254, 11.7405119022
255, 11.0778388289
256, 11.5400862941
257, 12.2833116162
258, 12.9058479249
259, 14.0506956187
260, 14.5432804281
261, 15.8691993969
262, 14.8952353972
263, 14.2524911671
264, 12.8864189711
265, 12.3741028386
266, 11.4919600287
267, 10.5777266597
268, 9.36244613411
269, 8.22753733348
270, 8.73973663106
271, 7.81593022495
272, 7.14332113265
273, 6.69152823422
274, 6.70156583844
275, 7.97031239499
276, 7.85764598581
277, 7.87779643584
278, 8.61106685674
279, 8.62147577229
280, 7.58713591705
281, 7.54697680384
282, 9.15378086712
283, 9.85673987029
284, 13.0296251884
285, 11.7908860811
286, 13.7012011553
287, 14.7478898669
288, 15.2804992504
289, 16.3649579256
290, 17.630653635
291, 18.2034799099
292, 18.1130035824
293, 18.9665795885
294, 16.716720683
295, 16.9980021689
296, 15.4092100771
297, 14.0414429867
298, 12.8460515705
299, 11.6707316971
300, 11.479671873
301, 10.4052683207
302, 8.93916098345
303, 7.62350977279
304, 6.79986267263
305, 6.42790589976
306, 6.51792872383
307, 7.23096683693
308, 7.51228328098
309, 8.40609171278
310, 8.08500042975
311, 8.45702851965
312, 9.30074651166
313, 10.9877209667
314, 11.5400581518
315, 14.3615433093
316, 15.8078570988
317, 17.2544152525
318, 18.2088762662
319, 18.6311761797
320, 19.5954923394
321, 20.3388417402
322, 21.3851406316
323, 20.8929552261
324, 21.5055281851
325, 19.6172474977
326, 18.4422428383
327, 16.5541983552
328, 15.2806571133
329, 14.7681261589
330, 13.7737622851
331, 13.0005327121
332, 11.2612407516
333, 10.6385480674
334, 9.43325425463
335, 8.09732012609
336, 7.18322777708
337, 8.63100053831
338, 9.12102869323
339, 8.38793939106
340, 8.30796943089
341, 9.04158133687
342, 9.42330279052
343, 10.9692805342
344, 10.9093590973
345, 11.31137441
346, 14.2172018077
347, 15.9020704091
348, 17.3482224599
349, 20.2608081131
350, 22.5216142144
351, 25.4445637898
352, 29.3912712012
353, 30.9400213155
354, 32.3771006091
355, 34.8782087465
356, 34.5969656565
357, 33.1242255454
358, 33.3746502141
359, 31.135337767
360, 29.7696639865
361, 27.5298421953
362, 25.1995113928
363, 23.0680537005
364, 23.1483636627
365, 21.9432712148
366, 20.5734573666
367, 18.8020604583
368, 17.1849402736
369, 17.1847366535
370, 16.4113649269
371, 14.5936989186
372, 12.6956858381
373, 11.331748176
374, 9.71452614781
375, 8.13738940527
376, 8.62081434812
377, 9.70736783067
378, 9.24558795816
379, 8.79390297047
380, 9.22617596442
381, 9.70856438452
382, 11.1242154335
383, 10.7810147444
384, 11.3234554256
385, 15.7634367314
386, 16.3237895413
387, 17.6876326021
388, 20.9318553177
389, 23.1525244876
390, 24.8701272947
391, 27.6722265708
392, 27.1006166568
393, 27.7638141812
394, 30.2538805144
395, 28.3430881051
396, 28.3123437603
397, 27.8804065843
398, 25.9828858897
399, 24.76789328
400, 23.3317041376
401, 22.999958413
402, 23.1608295538
403, 23.522543764
404, 22.4878592784
405, 21.5237571444
406, 20.0572579173
407, 18.9422452577
408, 18.3317806661
409, 16.3033410152
410, 14.4554425697
411, 11.5328357932
412, 10.7290834688
413, 9.84476236063
414, 11.3138670779
415, 11.7859079112
416, 11.1338495703
417, 10.8431022032
418, 11.1830703205
419, 12.0467827533
420, 12.3779426972
421, 14.265881722
422, 18.2724777349
423, 25.9881258652
424, 30.2921716862
425, 32.5958316072
426, 36.6373175336
427, 39.0815337861
428, 40.4114472686
429, 45.0900234571
430, 48.9080810342
431, 48.5070806096
432, 44.3700251242
433, 39.6976024691
434, 34.9962874719
435, 33.840083043
436, 32.6827419499
437, 31.0748627692
438, 29.7157061749
439, 26.1000310813
440, 22.864178992
441, 22.8838568963
442, 24.3498522005
443, 23.4636517522
444, 22.0373206684
445, 20.0570704555
446, 17.285580364
447, 15.2070225673
448, 13.318788529
449, 11.9724224685
450, 11.5703041052
451, 10.143993882
452, 8.5170003886
453, 8.08474742737
454, 6.64868383306
455, 5.54403280249
456, 5.20277839353
457, 6.79963759615
458, 7.5426575599
459, 6.90994856155
460, 7.84393468907
461, 11.6197045765
462, 17.5743228141
463, 18.6010524842
464, 21.213498443
465, 26.6897027602
466, 29.3661853766
467, 31.0932820933
468, 35.341091954
469, 38.6461067672
470, 38.1746664924
471, 37.2905869687
472, 36.0968482374
473, 36.1245921515
474, 35.6924223553
475, 33.3306725266
476, 33.2570340627
477, 31.9211609018
478, 28.8476442938
479, 27.6926816861
480, 28.7773030485
481, 27.7224568371
482, 23.7835691059
483, 21.8855145299
484, 19.96735898
485, 16.8840007082
486, 14.0314861668
487, 12.5949974851
488, 10.6364263914
489, 8.4467921814
490, 6.6790346439
491, 6.9295805731
492, 6.25678578145
493, 7.78292010548
494, 8.49640606679
495, 8.48722795436
496, 11.2988797738
497, 14.7472696974
498, 19.9008305648
499, 24.4302908927
500, 28.2478781537
501, 30.6229406841
502, 34.4198653966
503, 35.0446974927
504, 38.7100576334
505, 41.0306329512
506, 40.0166319824
507, 39.0582479826
508, 37.9731541016
509, 37.3416553419
510, 36.5279406223
511, 35.469865939
512, 33.3314840071
513, 32.2750694374
514, 29.151388151
515, 28.9019871759
516, 29.1928243708
517, 26.802720053
518, 24.8922749219
519, 22.4497451682
520, 19.6277105362
521, 16.8454672144
522, 15.0579808023
523, 12.9688670376
524, 11.9237837065
525, 9.67204641072
526, 7.84407290137
527, 7.7937486329
528, 7.22301136994
529, 7.03400633735
530, 8.23917744439
531, 7.84807705578
532, 7.68795524074
533, 8.88289273257
534, 15.0797663675
535, 23.0346924176
536, 26.5026082484
537, 30.3107284301
538, 33.8056826567
539, 37.5101462358
540, 39.287177388
541, 41.3563526548
542, 44.0002267623
543, 45.5668093798
544, 41.1551014909
545, 36.3235262348
546, 35.1565676811
547, 33.0777756022
548, 30.9925674057
549, 28.2106572331
550, 26.8849494411
551, 27.9390912013
552, 27.9070560017
553, 26.250203755
554, 24.1817278551
555, 22.4624368628
556, 21.0359501217
557, 19.3381502592
558, 16.4617220863
559, 14.2022351586
560, 12.2939270719
561, 8.78847641133
562, 6.23713248975
563, 6.31699303224
564, 5.71462159317
565, 4.32879335126
566, 5.31460002796
567, 7.27678699693
568, 9.68893302412
569, 13.8586534855
570, 14.2116931547
571, 16.65268322
572, 22.9990092612
573, 26.252902775
574, 29.9086957444
575, 32.8524162098
576, 34.8802387086
577, 35.9407329548
578, 35.6673759808
579, 34.178892574
580, 36.7018919361
581, 37.085417532
582, 33.2503720473
583, 31.6232074791
584, 30.2093591099
585, 30.4220654941
586, 29.6886038292
587, 28.5136974098
588, 28.774950895
589, 28.6546506598
590, 26.845269849
591, 24.9250034643
592, 23.1151588935
593, 20.9054138706
594, 19.0953139996
595, 15.9294770515
596, 12.6250952071
597, 10.9274688784
598, 9.13948348384
599, 6.72908886277
600, 5.41363350818
601, 4.8814726958
602, 4.23865311196
603, 3.76633592617
604, 3.85657136302
605, 7.11996237134
606, 7.07025497169
607, 6.23717349877
608, 5.50452258408
609, 6.42865716977
610, 8.38616247802
611, 9.30969200329
612, 10.3544822663
613, 11.91149888
614, 12.5748127596
615, 12.0740812584
616, 14.064582091
617, 16.5052342145
618, 18.7269934103
619, 17.8942933168
620, 16.0065452253
621, 15.042291375
622, 14.7022897321
623, 15.4361778944
624, 16.048519426
625, 15.3236198958
626, 13.4444711662
627, 12.1493644047
628, 10.6207948204
629, 10.6508172447
630, 11.6847689117
631, 11.6547051453
632, 12.2550445287
633, 11.0576130185
634, 11.7021587844
635, 11.8226285155
636, 13.2913673882
637, 13.663401449
638, 15.3407217935
639, 16.5360591619
640, 16.2047441542
641, 16.3355266312
642, 15.8855345713
643, 16.5176277473
644, 15.6012576733
645, 13.9242324711
646, 12.6271162927
647, 11.4323157489
648, 9.37324288851
649, 7.93670894267
650, 7.22348181622
651, 7.81574722301
652, 7.72321670311
653, 6.33716929504
654, 5.73662132187
655, 5.24499361702
656, 4.83342492747
657, 4.63246316283
658, 5.16446014113
659, 6.6905511956
660, 8.18878547524
661, 10.3377680263
662, 11.0112108694
663, 11.5140213785
664, 11.9562759762
665, 12.7099207816
666, 13.6336721171
667, 13.4829446748
668, 12.8803405014
669, 11.7552866043
670, 10.3069681105
671, 7.61499759968
672, 6.15868377304
673, 5.68655663256
674, 5.08382287473
675, 4.74245605709
676, 5.98743235439
677, 11.590589166
678, 15.0355663288
679, 18.2739744834
680, 18.225787286
681, 18.3577493481
682, 21.7373166135
683, 22.6906890382
684, 22.9693644217
685, 23.7147454988
686, 25.1529977082
687, 22.6115393193
688, 22.7715970534
689, 21.7638008153
690, 24.0747828581
691, 25.9231078387
692, 24.6255017218
693, 25.249883203
694, 25.5813383457
695, 25.1277097042
696, 22.9481270572
697, 22.3951848613
698, 20.4263167679
699, 18.578490366
700, 16.3796021913
701, 14.3832992744
702, 12.8925716227
703, 11.1926849476
704, 9.91701415381
705, 10.8808716173
706, 10.5575510524
707, 9.29201608305
708, 8.56893568703
709, 8.13762034044
710, 8.01739995772
711, 7.53333500818
712, 7.78401866189
713, 9.0387486929
714, 11.4506396086
715, 12.0130964571
716, 13.0480490181
717, 14.2737812806
718, 15.1077538611
719, 17.7107979201
720, 19.7396845246
721, 20.4332438762
722, 19.7807813034
723, 17.9531016664
724, 15.460046775
725, 13.1293890198
726, 12.3553221542
727, 12.3044385077
728, 12.3244284578
729, 12.4730334951
730, 13.3271875281
731, 15.4870464694
732, 18.6828423419
733, 20.6137467012
734, 23.1047070495
735, 28.6077025152
736, 31.9940581191
737, 32.5969689767
738, 30.650013484
739, 28.813056739
740, 31.292400828
741, 33.9823201488
742, 35.0240739092
743, 35.6059026619
744, 36.1097551727
745, 33.3382495482
746, 32.0920432647
747, 29.9325816092
748, 31.4391564624
749, 33.1060485559
750, 30.3337855899
751, 26.6695356117
752, 23.8374141883
753, 23.0846472454
754, 22.2408630177
755, 21.6700085533
756, 19.3199329437
757, 19.0290771962
758, 17.743820337
759, 15.3533587594
760, 13.3341758152
761, 11.5643186968
762, 10.860972136
763, 10.0875359513
764, 8.84213705773
765, 7.54455737034
766, 7.28163450744
767, 7.89431100569
768, 10.6757356907
769, 12.4553141993
770, 14.0925894637
771, 16.1017350812
772, 17.4580267223
773, 18.4825419282
774, 20.8523327773
775, 22.640061353
776, 23.494106526
777, 23.5648196077
778, 20.5724936488
779, 18.2203999288
780, 16.0706522944
781, 14.1418257315
782, 13.5503432266
783, 14.6543031946
784, 15.2866313344
785, 14.8774742609
786, 17.0874560338
787, 19.1490217952
788, 22.5439388356
789, 25.0247965496
790, 29.5762052253
791, 33.7843148603
792, 36.8151800292
793, 36.4240323332
794, 32.5086224769
795, 31.2416523459
796, 30.7283693388
797, 32.8074476953
798, 33.8509129032
799, 34.7876752564
800, 34.9774758102
801, 33.1728750672
802, 29.5275661234
803, 27.9305888589
804, 30.61176795
805, 33.264125719
806, 32.9219294436
807, 29.5838948235
808, 28.1581633991
809, 27.9414304734
810, 25.9326220818
811, 26.5128620426
812, 27.53970398
813, 26.9980982634
814, 24.3369351038
815, 21.4623184266
816, 18.8103292195
817, 17.4938845963
818, 14.66143235
819, 12.4157722513
820, 10.7484838508
821, 8.62925460361
822, 7.73329996038
823, 9.05897674359
824, 9.88289489902
825, 9.29072640016
826, 9.95358233867
827, 11.5299949437
828, 13.5401682439
829, 16.2512921459
830, 17.7080782094
831, 19.657075095
832, 22.4893057762
833, 23.1225419722
834, 27.952744803
835, 32.7032229225
836, 33.9315270072
837, 33.0585028543
838, 31.5107899645
839, 27.9053277964
840, 25.3132034667
841, 22.5303811693
842, 20.8821292694
843, 21.4136349556
844, 19.2257898919
845, 16.4042234347
846, 18.2124381463
847, 20.9264088664
848, 23.3008977262
849, 26.4445745015
850, 31.3859256423
851, 35.9878084452
852, 39.2413220054
853, 38.7801808569
854, 37.9054357512
855, 42.1733134785
856, 43.2355144709
857, 44.3677589461
858, 44.9488458568
859, 43.4140253953
860, 41.1243550255
861, 38.7817568801
862, 36.8321053072
863, 37.144790117
864, 38.6611826742
865, 36.0219605136
866, 33.4614499518
867, 29.2739744501
868, 27.3759445208
869, 27.8477127093
870, 27.6580744664
871, 28.1534713917
872, 27.631090235
873, 25.9225092916
874, 21.9059611213
875, 18.640181526
876, 16.3601304165
877, 15.234643606
878, 13.5548377833
879, 11.9476972793
880, 9.71611163398
881, 7.07060990941
882, 4.29855554684
883, 3.20397173763
884, 3.04337438143
885, 3.95698100765
886, 4.94301994956
887, 6.20035020154
888, 8.00810048833
889, 9.15341191928
890, 9.11388598986
891, 10.8511644655
892, 12.5282606518
893, 14.5086044975
894, 17.5954709875
895, 18.6604859823
896, 19.3218801909
897, 20.0954175988
898, 19.5252785755
899, 19.2962356871
900, 21.1338326561
901, 20.7520493595
902, 18.7938355916
903, 16.6528945351
904, 13.8167898267
905, 13.444416968
906, 14.278954353
907, 15.7125907418
908, 17.3419525594
909, 19.9618040132
910, 23.5292163877
911, 27.9782810346
912, 32.3797325404
913, 36.8699300078
914, 38.5788068617
915, 39.1114917636
916, 37.2915774226
917, 36.6880412911
918, 39.5949039744
919, 43.1690640582
920, 43.0467791327
921, 40.4892878203
922, 37.7175077656
923, 37.1252421063
924, 37.8577992083
925, 38.7403973571
926, 41.6824324099
927, 42.5665023454
928, 40.8490478507
929, 35.6168915657
930, 32.1022887925
931, 31.5014460306
932, 32.4452827719
933, 31.5206782235
934, 33.1973041075
935, 31.8622026461
936, 28.5286109671
937, 25.2148019013
938, 21.7598945301
939, 20.0718822376
940, 18.4541889435
941, 15.4974319705
942, 12.8761523283
943, 10.7065643736
944, 6.64884601605
945, 4.82085003186
946, 5.14409377243
947, 5.82705126936
948, 6.51987234471
949, 7.433723913
950, 8.739570795
951, 9.91498256399
952, 10.2769359941
953, 12.2249494602
954, 13.4402242554
955, 14.9968197703
956, 16.6638403014
957, 17.5983372184
958, 18.2411996508
959, 18.3016153101
960, 18.5127423228
961, 18.4927531491
962, 18.9065518278
963, 16.6267539871
964, 15.301088026
965, 13.4328938425
966, 10.8494869466
967, 10.7282013213
968, 11.4004175718
969, 13.1274871103
970, 15.1060869091
971, 18.0795245021
972, 22.6575322583
973, 27.6693880824
974, 30.2616344359
975, 34.8417342969
976, 37.8353538015
977, 36.6408544244
978, 37.222431588
979, 37.4769381413
980, 37.9582505374
981, 38.6605054585
982, 35.0862416183
983, 32.6382961881
984, 33.5723590395
985, 33.1199766828
986, 34.1537017071
987, 36.6146520564
988, 36.2738186727
989, 37.3643566267
990, 35.5788875948
991, 31.4515108646
992, 32.124243789
993, 32.4693641902
994, 33.6170538868
995, 33.4858534641
996, 35.6611010726
997, 34.8792017798
998, 33.9080651406
999, 30.7146975779
1000, 30.3108791608
1001, 30.7621710847
1002, 29.3052558236
1003, 26.1358836765
1004, 21.3012037733
1005, 17.735520259
1006, 11.9440995471
1007, 10.2884841011
1008, 8.64933999525
1009, 7.62502232016
1010, 5.89766140794
1011, 5.164529257
1012, 5.57590670693
1013, 7.05207562246
1014, 10.1570730566
1015, 11.1919517953
1016, 11.9257967671
1017, 12.0448764599
1018, 11.6637328772
1019, 12.7578059477
1020, 15.9504575439
1021, 17.7480958005
1022, 18.9552526586
1023, 19.6590047524
1024, 18.2919747752
1025, 18.4447016635
1026, 17.7719977097
1027, 19.5290478705
1028, 21.9108469715
1029, 21.0392548251
1030, 17.6248396557
1031, 16.0383892519
1032, 16.3991568755
1033, 17.6754819004
1034, 21.0150265457
1035, 23.9360825182
1036, 29.2516962334
1037, 32.6167129704
1038, 33.4193894904
1039, 36.1297108921
1040, 39.5447994222
1041, 43.119943326
1042, 44.4547431073
1043, 43.6494388172
1044, 44.9083911131
1045, 42.5892740762
1046, 42.73737064
1047, 40.8391718918
1048, 41.9443987995
1049, 42.6572894248
1050, 42.5974727012
1051, 41.3322775144
1052, 42.3557719651
1053, 42.5588368055
1054, 38.573819794
1055, 36.6563638969
1056, 33.2816889162
1057, 31.5594067502
1058, 29.5498500147
1059, 27.9123289746
1060, 28.3782271046
1061, 29.1015341221
1062, 25.1229432964
1063, 24.3379809696
1064, 25.4106641115
1065, 26.2546277551
1066, 24.6092582838
1067, 23.1873126434
1068, 21.1990755207
1069, 18.8685582691
1070, 15.0075390898
1071, 11.4018249502
1072, 9.84491298358
1073, 8.2195416728
1074, 5.20639516727
1075, 5.3367070719
1076, 5.0736698208
1077, 4.4914453382
1078, 4.45151509009
1079, 4.58220965514
1080, 5.73681358335
1081, 6.87141193362
1082, 9.48424549639
1083, 9.4727265201
1084, 9.7364162958
1085, 10.288796708
1086, 11.9658308545
1087, 14.9921136331
1088, 17.6133622931
1089, 20.5283378142
1090, 21.6357840167
1091, 23.3253518084
1092, 23.4035763935
1093, 25.231505131
1094, 27.320378521
1095, 29.097749346
1096, 27.2002619854
1097, 25.7701215396
1098, 23.5408314095
1099, 20.4958580025
1100, 18.434408158
1101, 17.4575670695
1102, 18.4510216506
1103, 20.1234540222
1104, 20.4734351299
1105, 20.516357841
1106, 26.3234796749
1107, 28.0013096467
1108, 32.3901079926
1109, 34.1427232275
1110, 39.8291632173
1111, 41.0745882193
1112, 39.4598702795
1113, 38.921256432
1114, 37.7869805191
1115, 36.3003444371
1116, 31.6075737199
1117, 31.6894721473
1118, 30.2446717765
1119, 31.3172466812
1120, 28.7742852558
1121, 29.3772763462
1122, 30.0185288855
1123, 29.0463106889
1124, 29.5927721214
1125, 30.4061988955
1126, 31.6130952603
1127, 30.5865297975
1128, 29.5803059239
1129, 29.7891696117
1130, 29.8693855725
1131, 26.9473804753
1132, 24.2865240917
1133, 22.01499725
1134, 20.9659638611
1135, 19.9082008022
1136, 19.4635140708
1137, 17.4855041434
1138, 15.2566700698
1139, 12.5754189411
1140, 9.63254035376
1141, 8.96928932001
1142, 10.2241598717
1143, 11.5798015146
1144, 10.8568734428
1145, 9.70404270116
1146, 8.04718091051
1147, 8.21802351552
1148, 9.82640737871
1149, 11.3627085367
1150, 12.8893000477
1151, 13.2716205835
1152, 13.1916888451
1153, 13.3623427266
1154, 12.6896400875
1155, 16.0810742541
1156, 22.3608803862
1157, 26.9407370301
1158, 29.9723804736
1159, 31.4606689158
1160, 33.191491242
1161, 34.5377137688
1162, 33.4632586975
1163, 34.1091272444
1164, 36.9345254052
1165, 36.3730513634
1166, 32.6022593143
1167, 27.8630272643
1168, 23.2942603239
1169, 20.652910814
1170, 19.2840784558
1171, 21.1607497297
1172, 23.7416843345
1173, 21.6398450147
1174, 20.1201637828
1175, 19.0555383234
1176, 20.9824148908
1177, 23.6935208339
1178, 27.6346715383
1179, 29.1626013045
1180, 27.1152938424
1181, 24.8373740238
1182, 25.188021152
1183, 25.2581199893
1184, 24.3036812363
1185, 25.8295873317
1186, 24.3931791289
1187, 24.1818494539
1188, 23.0551394568
1189, 23.1166410437
1190, 24.816559364
1191, 26.1801397031
1192, 23.6294471975
1193, 25.9389136967
1194, 28.3027150847
1195, 27.547119694
1196, 25.7292690336
1197, 24.0928129774
1198, 23.5184973637
1199, 22.0624096381
1200, 20.6843792472
1201, 19.2679548848
1202, 20.6557979181
1203, 21.3479104592
1204, 23.5043816342
1205, 22.2999688079
1206, 21.3972415148
1207, 20.9261003098
1208, 19.0382914195
1209, 18.3446182369
1210, 17.6811572406
1211, 16.8272383104
1212, 15.7001528796
1213, 12.9299031879
1214, 8.31796734764
1215, 6.84170137738
1216, 6.57056276112
1217, 7.24309515144
1218, 7.26322016073
1219, 7.03258307403
1220, 8.00687535978
1221, 9.88468088413
1222, 9.07140421739
1223, 11.5192793252
1224, 17.0343491491
1225, 21.1542730483
1226, 24.332233618
1227, 25.3680822318
1228, 27.4001599112
1229, 29.089655694
1230, 28.0452007668
1231, 27.893731672
1232, 31.2574346072
1233, 30.5338642314
1234, 27.6108199129
1235, 24.0142833482
1236, 20.4559281323
1237, 17.7744613486
1238, 15.3918381917
1239, 16.4350264717
1240, 20.3809429818
1241, 22.5920282888
1242, 20.343602471
1243, 19.8325961317
1244, 19.5799564533
1245, 21.8392260097
1246, 24.278970074
1247, 29.2498114808
1248, 31.3297566501
1249, 28.4165011808
1250, 25.7953789174
1251, 26.2262401283
1252, 29.4088559469
1253, 30.2440029047
1254, 30.7287987093
1255, 31.2780248082
1256, 32.8686760501
1257, 30.7712790106
1258, 30.9121970014
1259, 32.9737436337
1260, 34.0082812979
1261, 29.3864211668
1262, 26.6761975277
1263, 24.5147985817
1264, 21.8010010016
1265, 18.8216956171
1266, 16.3064475349
1267, 15.3701067912
1268, 14.5564723796
1269, 14.6551142653
1270, 14.2878297089
1271, 16.2865844519
1272, 18.2125836432
1273, 22.0788753678
1274, 23.7968537635
1275, 24.5307434611
1276, 25.0654424089
1277, 23.8807611308
1278, 22.2033200188
1279, 20.3650776313
1280, 18.3624755233
1281, 16.1123217214
1282, 12.7372609303
1283, 8.29796268857
1284, 6.92179871721
1285, 6.62021494212
1286, 5.34268035997
1287, 5.51354844482
1288, 5.43380267126
1289, 6.43820099454
1290, 10.5369377611
1291, 13.0375771158
1292, 17.6590433106
1293, 25.0506343946
1294, 29.7519608066
1295, 32.9365031105
1296, 34.3842690041
1297, 36.8196131805
1298, 39.8282483206
1299, 39.2757348653
1300, 38.1117696429
1301, 39.406797866
1302, 38.0185007582
1303, 34.392247852
1304, 30.6168743324
1305, 26.6006548443
1306, 23.9796787313
1307, 20.641082675
1308, 19.4085831289
1309, 22.4923697139
1310, 24.3676468651
1311, 22.3116313359
1312, 21.8405801844
1313, 18.407231013
1314, 18.0860490588
1315, 19.4912050519
1316, 22.493337631
1317, 23.0859694657
1318, 23.4274246907
1319, 24.5397611493
1320, 26.0193226948
1321, 32.574556034
1322, 34.172731512
1323, 37.8907648865
1324, 40.0313779113
1325, 40.2449867288
1326, 38.8784784002
1327, 40.0126663856
1328, 38.4759815044
1329, 33.7653569304
1330, 28.7872864531
1331, 20.8829821088
1332, 17.2569189956
1333, 14.7456402101
1334, 13.3896497163
1335, 13.7108053116
1336, 14.7873679764
1337, 16.6273233027
1338, 18.5662196058
1339, 21.2681763538
1340, 22.0520102167
1341, 25.6975509786
1342, 26.9230007927
1343, 27.2043991021
1344, 27.1462035782
1345, 26.5137025715
1346, 24.2621007871
1347, 20.554043782
1348, 18.4147544387
1349, 16.1345329146
1350, 14.4467242786
1351, 10.8508689091
1352, 9.28421324632
1353, 7.77783019341
1354, 5.7069637088
1355, 4.17828720137
1356, 4.49949623691
1357, 6.21649599175
1358, 6.99981130832
1359, 6.42782569203
1360, 7.83387803202
1361, 12.8947750843
1362, 18.759205185
1363, 23.3089464348
1364, 30.934278709
1365, 37.1827914127
1366, 42.0889037732
1367, 44.2307997138
1368, 45.8287562731
1369, 48.6912840824
1370, 47.7270402312
1371, 44.706887706
1372, 41.4518319157
1373, 39.4748900366
1374, 35.7963524829
1375, 30.2532716197
1376, 25.8309490624
1377, 21.9024780144
1378, 19.0702437662
1379, 16.4581045518
1380, 15.9071033309
1381, 14.9885281575
1382, 12.0860731816
1383, 9.58351732555
1384, 8.59870166704
1385, 12.6353797647
1386, 16.9372397071
1387, 20.4933290554
1388, 21.5299463834
1389, 22.61599138
1390, 25.0944480088
1391, 27.0415208728
1392, 31.7323321838
1393, 36.2014980558
1394, 37.7890346184
1395, 38.5747130234
1396, 36.5127931208
1397, 35.4007000464
1398, 37.1484166495
1399, 36.807389955
1400, 36.5855721655
1401, 34.3674676009
1402, 31.4827476995
1403, 28.029628927
1404, 25.0468451376
1405, 21.368697464
1406, 20.6973865364
1407, 20.3660000463
1408, 19.9743326219
1409, 19.7841889844
1410, 17.8663086233
1411, 17.0708791591
1412, 17.993995192
1413, 22.411504495
1414, 21.5384431753
1415, 21.9909295533
1416, 20.9555797887
1417, 21.6670134803
1418, 20.2905496009
1419, 20.0395111437
1420, 20.1000159009
1421, 19.9393685753
1422, 18.5124955459
1423, 13.7193330762
1424, 14.7034382999
1425, 13.5805905546
1426, 12.7072458702
1427, 10.2569713037
1428, 9.4336253772
1429, 9.05189718572
1430, 8.47912722749
1431, 8.11734202854
1432, 6.97220458907
1433, 7.96796289026
1434, 8.70073686482
1435, 8.18687394301
1436, 9.89627874249
1437, 15.2749688038
1438, 21.3929458041
1439, 26.6155368358
1440, 32.051855757
1441, 36.824021033
1442, 39.1673638763
1443, 39.7600953941
1444, 39.0671726521
1445, 41.1053098316
1446, 42.3496054029
1447, 38.7279029652
1448, 33.8451360701
1449, 29.3261707049
1450, 24.834907238
1451, 21.8110479746
1452, 23.1837632898
1453, 22.1173301154
1454, 20.5614515376
1455, 19.3264420024
1456, 18.7717928968
1457, 20.9299857438
1458, 20.558559309
1459, 19.9069382162
1460, 20.8816374781
1461, 22.1987893772
1462, 21.9904626688
1463, 26.2798846899
1464, 27.747772
1465, 28.5824448265
1466, 28.4020710208
1467, 27.0763936364
1468, 28.6323762153
1469, 31.2233133421
1470, 33.5933970547
1471, 34.266249996
1472, 33.1335984198
1473, 28.3115788593
1474, 28.2819674972
1475, 27.0464920218
1476, 26.8646258562
1477, 25.679020518
1478, 24.8555498298
1479, 23.3092300086
1480, 21.0193761065
1481, 18.9121021289
1482, 17.9719229464
1483, 18.3978171352
1484, 18.2774812249
1485, 17.7052067089
1486, 14.90326475
1487, 16.1478763181
1488, 18.3364981765
1489, 18.1359813745
1490, 17.9052619369
1491, 18.775709219
1492, 21.5975570163
1493, 21.4429401477
1494, 20.539613988
1495, 20.3615726477
1496, 20.7535828896
1497, 18.7941507228
1498, 15.2280930092
1499, 14.6656179355
1500, 13.2596022482
1501, 11.1706318664
1502, 7.22335198274
1503, 6.91180101634
1504, 6.70101833364
1505, 6.36770837909
1506, 5.86573706111
1507, 4.79117893105
1508, 4.62021964409
1509, 4.40099602564
1510, 4.62170948622
1511, 4.28035722396
1512, 4.72218281278
1513, 6.23835412743
1514, 7.39341951132
1515, 9.96632579596
1516, 13.0839188936
1517, 13.2458645781
1518, 13.3166611499
1519, 14.1884772767
1520, 14.9011925791
1521, 16.8204175269
1522, 17.0914629195
1523, 14.9931008133
1524, 13.436978675
1525, 10.853901169
1526, 8.93103152394
1527, 12.9068535851
1528, 13.5800073062
1529, 12.3254678799
1530, 11.0708730708
1531, 12.303885741
1532, 15.8375555962
1533, 16.9623752105
1534, 16.9737590243
1535, 19.4251001972
1536, 19.6766218071
1537, 18.6106339087
1538, 21.4418487528
1539, 25.0016260262
1540, 26.2981387407
1541, 26.5493406589
1542, 24.5108074183
1543, 27.0813989645
1544, 31.7428891315
1545, 36.3441731412
1546, 38.3739454596
1547, 37.4211494668
1548, 34.6704961981
1549, 34.596016857
1550, 35.9005261775
1551, 34.5859073069
1552, 33.1599280045
1553, 30.6195317739
1554, 27.8695648481
1555, 22.4254814251
1556, 20.8583879825
1557, 20.7900005073
1558, 21.8446757515
1559, 20.6293818869
1560, 19.1230972396
1561, 17.0928444751
1562, 18.6449091351
1563, 19.20710092
1564, 18.2429469657
1565, 19.0440710382
1566, 19.6872200124
1567, 22.5188105504
1568, 21.6554897411
1569, 20.0495441826
1570, 19.5479851754
1571, 19.6989244414
1572, 17.5929534164
1573, 15.8447484632
1574, 15.2683325875
1575, 12.9181538135
1576, 10.7588234344
1577, 6.53841830788
1578, 6.19673032931
1579, 6.00598183946
1580, 5.50395019879
1581, 5.39363804865
1582, 4.99186139001
1583, 5.88532782321
1584, 6.42754158268
1585, 9.12869392834
1586, 10.3241578221
1587, 11.8209022951
1588, 15.978305282
1589, 20.3673045988
1590, 26.4451161944
1591, 32.5818389831
1592, 35.4360035025
1593, 36.1103514724
1594, 41.0814322994
1595, 43.3345003927
1596, 46.0554869804
1597, 47.4536443256
1598, 45.7131373084
1599, 41.0541503966
1600, 34.7648781618
1601, 28.878851812
1602, 28.2247474625
1603, 29.4405777085
1604, 24.0173349922
1605, 18.7615796619
1606, 14.4839589954
1607, 13.0552910175
1608, 14.0418210719
1609, 15.3072220833
1610, 15.4689386605
1611, 15.4800920926
1612, 13.7730748213
1613, 12.0627292796
1614, 12.6746590458
1615, 14.8739236125
1616, 16.250253913
1617, 17.4752876827
1618, 16.7136829287
1619, 19.2145283193
1620, 25.4308296183
1621, 28.9267868525
1622, 30.7457659369
1623, 31.3392475975
1624, 31.0087844738
1625, 29.6223961054
1626, 28.9687740111
1627, 27.7023811098
1628, 25.9121067006
1629, 23.8731131185
1630, 19.3436368397
1631, 17.4958828353
1632, 17.6784764852
1633, 17.8613049065
1634, 19.2173899309
1635, 20.2320759328
1636, 20.9856712365
1637, 19.9211604024
1638, 19.149684055
1639, 20.3541021277
1640, 20.1330068696
1641, 20.3638113891
1642, 20.833662095
1643, 22.2901590148
1644, 22.6921688621
1645, 27.110545974
1646, 26.3989231926
1647, 27.0242386729
1648, 27.7876501843
1649, 27.0665157009
1650, 25.7703783296
1651, 24.6349854872
1652, 22.4256328964
1653, 19.1295715634
1654, 17.1707994773
1655, 11.4057168571
1656, 11.5562763999
1657, 10.5296682619
1658, 9.81441455243
1659, 9.75179514692
1660, 10.8767684897
1661, 12.76459519
1662, 15.9480013325
1663, 19.051849981
1664, 20.3984470554
1665, 23.7130319975
1666, 26.1639870699
1667, 30.4719590182
1668, 35.1614956222
1669, 37.7832128327
1670, 39.5016392498
1671, 41.6230206277
1672, 42.2458653027
1673, 44.205828696
1674, 46.626242757
1675, 46.879911288
1676, 47.4327103086
1677, 42.9040602584
1678, 38.284032499
1679, 37.1017661455
1680, 36.8800452839
1681, 33.2317712016
1682, 28.1605760654
1683, 23.5193519643
1684, 23.2872778993
1685, 22.7016035147
1686, 19.3172272261
1687, 19.5090189272
1688, 19.0480650757
1689, 16.5027582494
1690, 15.2560726786
1691, 15.4363247343
1692, 17.455150566
1693, 19.905680965
1694, 20.1082805005
1695, 21.8555032389
1696, 26.3590980268
1697, 29.6241881829
1698, 30.2986640979
1699, 30.3597258302
1700, 31.257070345
1701, 31.3186006126
1702, 30.554665984
1703, 29.9415665974
1704, 27.9411612875
1705, 25.0926282061
1706, 22.7884407206
1707, 21.1115670414
1708, 22.4473994146
1709, 23.2831013464
1710, 23.4115794099
1711, 24.223005834
1712, 25.6391842447
1713, 26.0006602385
1714, 25.9928708372
1715, 26.2420180166
1716, 27.4688924621
1717, 30.2022648082
1718, 33.2067656061
1719, 34.7019050455
1720, 37.7091080361
1721, 42.1401515283
1722, 39.5106208198
1723, 36.8096825094
1724, 36.1350023463
1725, 34.9293774512
1726, 31.6113521704
1727, 27.4005339303
1728, 22.3471656807
1729, 19.4848106977
1730, 14.0953294748
1731, 8.00667822745
1732, 9.14148841463
1733, 10.8586156744
1734, 11.7622681336
1735, 12.3931926468
1736, 15.5366322269
1737, 21.5820389687
1738, 28.2644841687
1739, 31.3709323201
1740, 33.7649510804
1741, 38.1365369003
1742, 41.8826238118
1743, 44.856397212
1744, 49.0857157678
1745, 52.4811688472
1746, 52.7632239719
1747, 50.8853404982
1748, 49.2443052479
1749, 50.6319408332
1750, 52.7407137888
1751, 50.7728201179
1752, 47.9013209179
1753, 44.0330208163
1754, 37.9044386806
1755, 34.0769388272
1756, 31.6957273165
1757, 29.3046294087
1758, 24.9257475826
1759, 19.8304750394
1760, 15.0482223179
1761, 15.6477934834
1762, 16.7035752218
1763, 17.9708460798
1764, 22.4198558209
1765, 22.1122088652
1766, 21.4400956435
1767, 20.6867183487
1768, 22.1227192647
1769, 24.010166514
1770, 28.859911632
1771, 31.1493140425
1772, 36.343322072
1773, 39.0861568046
1774, 35.6355946184
1775, 35.273897104
1776, 36.6498982465
1777, 37.7833168846
1778, 36.9000605452
1779, 36.5904396768
1780, 33.6681352366
1781, 29.3415615546
1782, 22.8090626737
1783, 20.2475866527
1784, 19.8643300741
1785, 20.8806947749
1786, 22.1917235298
1787, 21.0510607723
1788, 21.2398863953
1789, 21.3185582266
1790, 21.4895625579
1791, 22.631905455
1792, 22.4311326821
1793, 22.2684860603
1794, 24.9799376963
1795, 28.1470932366
1796, 29.6210454329
1797, 31.4657726916
1798, 33.3850320004
1799, 31.5688278682
1800, 29.6810610875
1801, 27.8122240174
1802, 28.1968421337
1803, 26.8501002394
1804, 24.4493888999
1805, 20.4667413662
1806, 16.2949864753
1807, 13.7037373158
1808, 10.750858583
1809, 11.6064976512
1810, 12.1085617746
1811, 13.7048776069
1812, 16.0020988412
1813, 18.6895366146
1814, 20.5580433258
1815, 20.9129422164
1816, 24.7314508879
1817, 29.6821165356
1818, 31.1989915108
1819, 31.9629423049
1820, 35.5507210932
1821, 38.8985885044
1822, 40.3336735809
1823, 41.9063277679
1824, 43.655021551
1825, 46.7676257188
1826, 47.2677080702
1827, 46.3474134
1828, 47.3721692963
1829, 49.0276282925
1830, 47.2281826602
1831, 41.2207564234
1832, 35.6043264469
1833, 30.2588774344
1834, 25.768707871
1835, 21.1680126355
1836, 16.577598384
1837, 14.33729689
1838, 11.8467877958
1839, 8.6434077598
1840, 8.40223748743
1841, 11.8368871158
1842, 15.3033116335
1843, 19.513099802
1844, 21.0710711825
1845, 22.6189671987
1846, 23.3926794264
1847, 22.3942456844
1848, 23.448092279
1849, 29.0648389101
1850, 28.9245993621
1851, 26.8343792684
1852, 24.5634519965
1853, 21.5390829801
1854, 19.8714226637
1855, 20.1716609936
1856, 20.0729664875
1857, 20.3498686667
1858, 20.1489685696
1859, 16.6399533798
1860, 16.0877071357
1861, 16.8730551091
1862, 17.1243722037
1863, 15.9197035757
1864, 17.7290824141
1865, 20.2189051714
1866, 22.1488132818
1867, 22.5949934554
1868, 22.9776476087
1869, 23.2596636177
1870, 24.7658293976
1871, 25.526595354
1872, 26.7217396761
1873, 31.1426284946
1874, 33.0710266044
1875, 30.7215048626
1876, 27.7054188211
1877, 25.6371703072
1878, 24.2408899323
1879, 22.6329111979
1880, 21.6614067525
1881, 20.6366792454
1882, 21.5322958512
1883, 18.8392102515
1884, 15.2626530201
1885, 14.1382511284
1886, 15.0422043621
1887, 17.0299664639
1888, 17.6823185948
1889, 19.6143878518
1890, 20.9159791193
1891, 22.2017590483
1892, 21.9507461714
1893, 23.0258921299
1894, 26.8524542481
1895, 31.313284977
1896, 34.1054677429
1897, 33.7447628381
1898, 36.4768482768
1899, 38.6320290565
1900, 37.0954830991
1901, 37.637201891
1902, 39.9670278954
1903, 41.0420904539
1904, 41.1621142833
1905, 37.2965451684
1906, 36.1823770066
1907, 37.4172959296
1908, 34.4645254687
1909, 29.7340036938
1910, 27.8059089797
1911, 23.9895086645
1912, 18.3122390275
1913, 15.0171745112
1914, 14.0638136051
1915, 15.5279149757
1916, 13.5902140857
1917, 10.3172125668
1918, 12.0951124846
1919, 16.2039893226
1920, 18.3527943817
1921, 21.0545145016
1922, 22.9639810126
1923, 23.4972100951
1924, 21.5864538071
1925, 20.7222218707
1926, 22.3808915424
1927, 26.6787495411
1928, 25.0825285523
1929, 21.4055451499
1930, 19.307171456
1931, 17.3386705961
1932, 17.5584086327
1933, 19.415286049
1934, 20.3611785234
1935, 20.4621377615
1936, 19.898436437
1937, 18.3921105691
1938, 20.7819819472
1939, 23.7947031174
1940, 26.9585253667
1941, 28.5661743312
1942, 29.8720675904
1943, 33.3461088268
1944, 35.4047350902
1945, 37.9577711735
1946, 39.8669231633
1947, 41.3180518547
1948, 42.5771009237
1949, 43.2798347975
1950, 41.5148414919
1951, 39.7279353591
1952, 36.3538888091
1953, 30.5983821718
1954, 26.5376307116
1955, 22.0054550851
1956, 20.2973620894
1957, 18.133925248
1958, 16.0005017723
1959, 14.2027979898
1960, 13.6795456415
1961, 15.3268433638
1962, 17.0745508529
1963, 17.4361743608
1964, 18.0284288859
1965, 19.7477576977
1966, 20.0185846223
1967, 20.229235925
1968, 20.9821097743
1969, 22.3279828537
1970, 24.73067837
1971, 27.3137637747
1972, 30.3471122827
1973, 33.3103761519
1974, 37.7693944197
1975, 40.252595637
1976, 42.3478026956
1977, 44.6497866868
1978, 45.0117812935
1979, 45.3551141134
1980, 46.0962366133
1981, 45.4413980104
1982, 44.2562821259
1983, 41.7179380027
1984, 36.515972897
1985, 32.1232486656
1986, 27.5672101169
1987, 23.1954048661
1988, 19.2275653247
1989, 16.8746410281
1990, 16.5542984843
1991, 16.0920377069
1992, 13.6825217341
1993, 12.1755453174
1994, 13.5620105003
1995, 17.2169424241
1996, 19.0742381252
1997, 20.1991009776
1998, 21.4352753952
1999, 20.6626296202
2000, 18.9144869746
2001, 17.7185526648
2002, 17.6283605229
2003, 20.3801561734
2004, 18.9547051106
2005, 15.861655767
2006, 16.764784308
2007, 19.1243994258
2008, 21.0241459106
2009, 23.557068897
2010, 26.2471884938
2011, 27.2722927322
2012, 29.1307323669
2013, 32.801829462
2014, 36.4781074635
2015, 39.5636434559
2016, 40.3472838149
2017, 39.8578788836
2018, 40.9038990788
2019, 41.5741245839
2020, 39.8669077225
2021, 38.2022527424
2022, 35.1601159153
2023, 28.8069559406
2024, 25.0399616694
2025, 21.3311819449
2026, 18.1164609287
2027, 15.2217981333
2028, 12.2648345291
2029, 10.8681762064
2030, 9.13086775594
2031, 8.42625137882
2032, 9.38100657998
2033, 11.0504327757
2034, 13.86176343
2035, 15.4585841517
2036, 16.1017771917
2037, 17.3475622522
2038, 17.0969065523
2039, 15.1401135517
2040, 15.8324852502
2041, 18.1319008343
2042, 20.963830146
2043, 22.4604746735
2044, 23.8466350637
2045, 28.0268387149
2046, 31.7652968265
2047, 36.0959471818
2048, 43.0316596224
2049, 48.4537431248
2050, 51.2164013101
2051, 51.0869917164
2052, 52.1941040622
2053, 52.5634866764
2054, 51.2069353462
2055, 48.382423849
2056, 44.8357184247
2057, 39.9025209414
2058, 32.1629560825
2059, 26.1666416634
2060, 21.6665710241
2061, 19.3660131159
2062, 17.9268337529
2063, 20.6272835035
2064, 19.4329275701
2065, 19.1828356684
2066, 18.6221328214
2067, 19.737467955
2068, 22.0683757055
2069, 22.62042366
2070, 22.680830183
2071, 21.7371714642
2072, 20.6319532978
2073, 16.1136126873
2074, 16.7335116814
2075, 17.7777456041
2076, 18.8533327844
2077, 17.2473448457
2078, 17.4782043851
2079, 19.9384914348
2080, 22.5893503108
2081, 25.5237242856
2082, 26.8198104668
2083, 28.8489105192
2084, 30.0581038673
2085, 30.3091746826
2086, 31.7879884079
2087, 35.4840489507
2088, 36.5667692325
2089, 36.1371211764
2090, 35.4644484382
2091, 34.2074795855
2092, 31.8072732689
2093, 28.1093167343
2094, 24.2303085853
2095, 21.9195211555
2096, 19.3259547501
2097, 16.2020314078
2098, 14.0324172997
2099, 12.9258433139
2100, 12.995936856
2101, 13.4679911927
2102, 15.5570524377
2103, 17.6665722822
2104, 19.9065671384
2105, 20.700123882
2106, 21.6144463575
2107, 22.3877106298
2108, 22.5582698173
2109, 23.2711030866
2110, 22.2586964164
2111, 22.529670547
2112, 22.2683776692
2113, 22.5999211251
2114, 23.5557894318
2115, 25.9859808619
2116, 29.7521673228
2117, 32.0343079479
2118, 35.5797844886
2119, 36.998782148
2120, 39.9097439369
2121, 39.6189347115
2122, 40.1310996313
2123, 40.8640036148
2124, 40.5805158747
2125, 39.8586839069
2126, 36.3439908881
2127, 33.9119844228
2128, 32.5594582345
2129, 32.0550879292
2130, 29.7349803398
2131, 28.4097308791
2132, 27.6185955514
2133, 27.8691535355
2134, 28.2700811391
2135, 27.8057175221
2136, 28.3790560907
2137, 27.5365655649
2138, 23.9193300149
2139, 22.4363198138
2140, 20.688449266
2141, 20.7480734129
2142, 18.7272601889
2143, 18.4554940924
2144, 17.9126651664
2145, 17.3621000928
2146, 17.1256333791
2147, 17.9100106938
2148, 21.9852173944
2149, 25.5860151555
2150, 28.0991604269
2151, 29.1946705768
2152, 30.4211517612
2153, 30.3609596699
2154, 30.7354932869
2155, 31.736922647
2156, 33.3299050306
2157, 35.7848680016
2158, 33.5478954659
2159, 29.952849575
2160, 27.9024743996
2161, 26.0345155616
2162, 24.256408615
2163, 21.0420476527
2164, 17.8236921833
2165, 15.9666212403
2166, 14.4295495529
2167, 13.4811634944
2168, 13.702425836
2169, 15.5909705763
2170, 17.6203203416
2171, 19.227875025
2172, 21.8010320987
2173, 23.7999518242
2174, 25.7281647454
2175, 25.9265861185
2176, 26.107364532
2177, 24.2997644331
2178, 23.7653827832
2179, 21.8471215624
2180, 20.5917360594
2181, 21.5955457766
2182, 21.0713263064
2183, 20.920862121
2184, 19.2943444961
2185, 19.0551541779
2186, 19.7074178026
2187, 20.2997596275
2188, 21.4462516444
2189, 23.4751132336
2190, 26.2291957649
2191, 28.4986105765
2192, 29.3951994116
2193, 29.2457669522
2194, 31.2749302725
2195, 29.5660172033
2196, 26.5024752031
2197, 24.6439050937
2198, 22.391672818
2199, 20.4924704016
2200, 17.4670389293
2201, 13.4298257633
2202, 11.9838562283
2203, 10.8997345622
2204, 10.4172831319
2205, 12.264824972
2206, 13.952267157
2207, 15.2882129193
2208, 14.9473066883
2209, 13.1700371299
2210, 12.3563473189
2211, 12.2755198418
2212, 10.7166586411
2213, 11.2807523905
2214, 11.2804756918
2215, 10.195886989
2216, 10.3062640826
2217, 13.4894813967
2218, 20.0991710942
2219, 22.7533996145
2220, 28.6429897661
2221, 30.9466000385
2222, 33.7096994963
2223, 35.2962615552
2224, 36.2863986439
2225, 37.1799751553
2226, 37.6013487368
2227, 35.0001075928
2228, 28.2793785528
2229, 25.2947016193
2230, 19.0636635159
2231, 15.8073271568
2232, 12.934362952
2233, 11.3347996297
2234, 10.1031896996
2235, 10.4342967755
2236, 11.9605616254
2237, 14.4814576811
2238, 18.1476927733
2239, 21.3884366713
2240, 24.32192974
2241, 26.5722796648
2242, 28.6212154024
2243, 29.4746029131
2244, 29.8760596508
2245, 28.6506887942
2246, 26.8325751382
2247, 25.1047242651
2248, 22.935310112
2249, 20.6999850327
2250, 18.4305973049
2251, 16.4223118438
2252, 15.9396649938
2253, 17.679910822
2254, 20.1196496617
2255, 23.6165716016
2256, 25.0858980916
2257, 25.2980866134
2258, 26.1524607488
2259, 28.1008704557
2260, 29.6211210091
2261, 31.8203534019
2262, 34.180034732
2263, 33.7943011037
2264, 30.9122249479
2265, 27.0039347473
2266, 25.6161221453
2267, 25.2861298145
2268, 25.4960562635
2269, 23.4072335764
2270, 22.6806540774
2271, 21.0642131894
2272, 19.4167021055
2273, 19.4658348017
2274, 20.5905110363
2275, 23.19177745
2276, 25.0601747649
2277, 23.4122668426
2278, 20.3296690881
2279, 19.5867888563
2280, 19.8271687118
2281, 21.6736938241
2282, 22.337607
2283, 23.4440655102
2284, 24.0775792995
2285, 26.4598060906
2286, 26.3900972574
2287, 30.357556237
2288, 33.0800685437
2289, 36.3687016172
2290, 36.6902827389
2291, 35.6558588034
2292, 33.8860638268
2293, 29.585518202
2294, 26.5622189495
2295, 20.7346937305
2296, 18.2532868716
2297, 15.2916886379
2298, 14.6285448293
2299, 16.3010516729
2300, 20.1073048779
2301, 22.1771005266
2302, 25.2009069873
2303, 28.7393080138
2304, 31.712761109
2305, 34.9664460391
2306, 36.3523904503
2307, 35.8184575183
2308, 35.6978092256
2309, 34.1223158791
2310, 30.7272737256
2311, 27.3731112316
2312, 25.6374595888
2313, 22.1812713332
2314, 20.75456852
2315, 19.44813115
2316, 17.6606726122
2317, 20.0723203469
2318, 22.8759560042
2319, 23.3260581796
2320, 22.6539487946
2321, 22.8965388365
2322, 21.1879033453
2323, 22.1113359829
2324, 21.4273760278
2325, 21.2818275526
2326, 21.884426145
2327, 19.1830638259
2328, 14.8025253765
2329, 12.5766883044
2330, 11.4518155494
2331, 12.335286784
2332, 12.4356979551
2333, 12.7571792248
2334, 12.0443142993
2335, 10.9738066197
2336, 10.2807461489
2337, 9.91913530963
2338, 11.4753983925
2339, 11.7222913173
2340, 11.7428056817
2341, 11.9638171365
2342, 14.6953180654
2343, 18.8041964238
2344, 22.4197320496
2345, 26.4936585066
2346, 30.7850598039
2347, 36.4517678166
2348, 39.3645361576
2349, 43.9380359668
2350, 46.1086293952
2351, 45.1257596737
2352, 41.5608235255
2353, 35.9243311302
2354, 31.9459581144
2355, 28.3428310709
2356, 25.8389610431
2357, 22.1788740358
2358, 21.6663809084
2359, 19.8246294775
2360, 20.6007564247
2361, 25.4116649433
2362, 31.1466997805
2363, 36.0784340427
2364, 40.327153866
2365, 42.4873323616
2366, 42.9297512417
2367, 41.0519925233
2368, 41.1211795716
2369, 37.3850432996
2370, 34.299804556
2371, 30.9848634356
2372, 26.6663722272
2373, 23.2008971724
2374, 22.6092508687
2375, 20.8522049425
2376, 20.3118903947
2377, 22.9350365978
2378, 22.8385849832
2379, 23.8954731977
2380, 23.3942921393
2381, 23.0832770269
2382, 24.9607851796
2383, 26.9181500925
2384, 26.2225483826
2385, 26.042803303
2386, 26.212198563
2387, 25.1256000616
2388, 23.5162232186
2389, 25.1506024692
2390, 26.8886471955
2391, 28.6481076118
2392, 27.5938372074
2393, 25.0434201868
2394, 24.8861640962
2395, 25.7197500452
2396, 27.2354658917
2397, 30.6009243502
2398, 30.6922694612
2399, 29.4880018485
2400, 31.9007098359
2401, 30.9952856671
2402, 31.1655849011
2403, 34.1379018538
2404, 35.4918031661
2405, 36.1547273567
2406, 35.4516416123
2407, 33.3227048243
2408, 31.9656416898
2409, 30.2002125534
2410, 26.3015574842
2411, 23.4994226351
2412, 21.0079413523
2413, 18.6868512315
2414, 16.4846962016
2415, 16.9661808315
2416, 18.1910710757
2417, 16.8744032251
2418, 20.2511957116
2419, 25.0019413807
2420, 28.6482742376
2421, 32.1636725751
2422, 36.6333523558
2423, 37.8091711452
2424, 37.0762288242
2425, 35.0373573165
2426, 32.0040992641
2427, 31.200069222
2428, 27.9333596257
2429, 24.134761201
2430, 21.314726583
2431, 19.4064081771
2432, 17.4193985614
2433, 16.4853599695
2434, 17.7405966555
2435, 19.9519117865
2436, 23.6715245504
2437, 26.2427659684
2438, 29.0794057274
2439, 34.8742957371
2440, 40.1555346281
2441, 44.2233477407
2442, 46.4718204226
2443, 48.5219092504
2444, 50.5305798986
2445, 50.8615496407
2446, 48.7501504293
2447, 48.0770552016
2448, 46.8077617606
2449, 42.7840466466
2450, 38.0336246113
2451, 33.3437213705
2452, 30.5955573283
2453, 27.2411509486
2454, 24.5004823093
2455, 22.3285601794
2456, 19.6553495469
2457, 16.8331936614
2458, 13.8606593171
2459, 10.7030682706
2460, 9.29658127819
2461, 10.2901741589
2462, 10.4464759085
2463, 11.9128343134
2464, 11.117954489
2465, 9.29101115052
2466, 9.91376819431
2467, 10.3654136905
2468, 14.0421181208
2469, 14.3838378066
2470, 14.3043054765
2471, 12.6075583696
2472, 13.4005774013
2473, 14.9179191141
2474, 16.7753989556
2475, 21.0138211666
2476, 20.0414362668
2477, 21.2591494128
2478, 19.4491744587
2479, 21.2867559313
2480, 22.7124087421
2481, 23.6668163965
2482, 22.7529971569
2483, 21.9572400125
2484, 20.4908767843
2485, 17.4779161697
2486, 18.3922224164
2487, 17.4362310208
2488, 17.9779323098
2489, 19.1743212101
2490, 20.0602711295
2491, 23.4447175666
2492, 26.2409547051
2493, 28.0410805322
2494, 28.4356557425
2495, 37.846725275
2496, 44.2181415978
2497, 46.5292123324
2498, 47.7053294186
2499, 46.2393229686
2500, 47.9863530935
2501, 47.5243651711
2502, 46.6659999166
2503, 46.87467478
2504, 48.3799568638
2505, 41.9140780483
2506, 38.4569455046
2507, 38.5072520334
2508, 35.665631009
2509, 35.223944668
2510, 32.241098092
2511, 28.1914903199
2512, 24.4847834812
2513, 20.2561769724
2514, 16.9518310809
2515, 12.8297151921
2516, 8.87049915809
2517, 5.85729910675
2518, 6.268754423
2519, 5.76645662896
2520, 4.59985463162
2521, 4.69067063406
2522, 5.51423519578
2523, 7.70501904238
2524, 8.00639064638
2525, 7.99675923799
2526, 8.29852346706
2527, 11.9955919057
2528, 14.2745857914
2529, 16.5441138702
2530, 18.4032914015
2531, 20.7848339409
2532, 21.4682363321
2533, 19.0057444758
2534, 20.170267605
2535, 21.2848840054
2536, 22.4695821455
2537, 19.8276375667
2538, 17.6182881214
2539, 18.4311895056
2540, 21.1745794287
2541, 21.1349832069
2542, 24.8308165732
2543, 29.8249907124
2544, 30.4488034476
2545, 35.2828270282
2546, 40.5813461422
2547, 46.5547858276
2548, 48.0742117381
2549, 43.7779841143
2550, 39.3401417453
2551, 41.0862495791
2552, 39.3665608001
2553, 37.2279782525
2554, 38.2226804281
2555, 35.4077267106
2556, 31.8285320043
2557, 26.7964853619
2558, 24.7662532387
2559, 25.0178708484
2560, 24.7248302231
2561, 20.6768300128
2562, 16.9700511994
2563, 13.9827172637
2564, 11.0900099029
2565, 8.03681254334
2566, 5.69440280256
2567, 2.97277006281
2568, 2.11926092918
2569, 2.70165555005
2570, 8.08762889163
2571, 8.329204543
2572, 10.157387556
2573, 11.6366103383
2574, 11.8788045377
2575, 15.0130636832
2576, 15.936640834
2577, 17.1824096038
2578, 17.4942119844
2579, 18.0288574358
2580, 15.7462133693
2581, 18.0555070754
2582, 18.5174484299
2583, 19.9821542748
2584, 25.3872584209
2585, 30.2171682514
2586, 32.6201120039
2587, 37.0118420142
2588, 39.9764917283
2589, 40.6085057296
2590, 41.6017468006
2591, 44.2540264864
2592, 52.7925538453
2593, 52.1710744153
2594, 48.0954870029
2595, 41.1552543914
2596, 38.1308477026
2597, 36.1396070941
2598, 36.5394846926
2599, 37.0417992825
2600, 35.4534969451
2601, 31.4050698081
2602, 23.3862294476
2603, 22.524243549
2604, 20.7849924791
2605, 20.0417966491
2606, 18.7162413426
2607, 15.1083134739
2608, 11.4820007076
2609, 10.095512157
2610, 12.8861968125
2611, 12.2139199996
2612, 9.49310246916
2613, 7.9856916254
2614, 7.89608688944
2615, 7.60389721904
2616, 8.95850061195
2617, 8.91844815053
2618, 9.49099418962
2619, 11.9810728753
2620, 7.92383826397
2621, 8.0948661539
2622, 8.37671332991
2623, 9.49208846784
2624, 13.5102040652
2625, 15.6891535531
2626, 18.8523393062
2627, 23.55292623
2628, 34.6636218412
2629, 39.9283154234
2630, 41.6783909211
2631, 42.9664842388
2632, 44.5854701767
2633, 47.2558964626
2634, 49.2793977731
2635, 51.0581956684
2636, 47.6949269921
2637, 43.5284252361
2638, 33.2605337719
2639, 28.2251400071
2640, 29.1494565892
2641, 32.8142762007
2642, 35.7113229918
2643, 33.9876106658
2644, 31.1460158587
2645, 27.4691763395
2646, 26.3644755497
2647, 26.0422928282
2648, 28.1258405041
2649, 24.9516937716
2650, 21.0228372464
2651, 15.1781750184
2652, 10.2736050061
2653, 8.25241636566
2654, 6.43346734133
2655, 6.82504991798
2656, 8.42183249387
2657, 9.46657633253
2658, 10.0828418562
2659, 10.4670404106
2660, 11.092406842
2661, 11.2738394046
2662, 16.1982208383
2663, 20.7546050873
2664, 20.2327514019
2665, 20.8362903023
2666, 23.0765721861
2667, 21.8219301213
2668, 20.6554094091
2669, 23.7058606081
2670, 26.5083449011
2671, 26.8805405633
2672, 23.0407091996
2673, 19.3575517915
2674, 20.792938181
2675, 20.6916836896
2676, 19.2850671964
2677, 22.4406401681
2678, 20.0511571319
2679, 15.9037965011
2680, 12.8388294541
2681, 14.1560540536
2682, 13.1813343588
2683, 12.3374683128
2684, 10.0378018437
2685, 8.81277137058
2686, 6.35179515147
2687, 3.71795693965
2688, 4.41065075701
2689, 5.81858922501
2690, 7.30496340246
2691, 5.93761785515
2692, 7.03267703038
2693, 7.50501500737
2694, 10.5977162755
2695, 14.1021460903
2696, 15.5287649676
2697, 17.9293483983
2698, 19.2055123166
2699, 19.9370810911
2700, 19.1235301187
2701, 21.8851240889
2702, 24.5562590064
2703, 24.4864960083
2704, 22.3073772533
2705, 20.3191268844
2706, 21.576138073
2707, 20.7014611281
2708, 20.7212036007
2709, 19.3561828408
2710, 18.5033231972
2711, 15.2795226868
2712, 11.4025206047
2713, 11.0102596491
2714, 10.3067188478
2715, 10.2459575302
2716, 10.022521011
2717, 9.84179346455
2718, 8.49643527037
2719, 10.1740018984
2720, 12.1729560385
2721, 13.880361381
2722, 19.1621920024
2723, 24.2579606697
2724, 30.5167267165
2725, 35.1590210838
2726, 34.3377734372
2727, 34.6020778305
2728, 34.3314731344
2729, 32.6839968984
2730, 32.2625836333
2731, 33.918530446
2732, 30.9273374792
2733, 26.2838591574
2734, 19.8147643532
2735, 13.7068553536
2736, 12.0593591795
2737, 10.1181594271
2738, 9.14361042909
2739, 9.35423399977
2740, 10.5367120431
2741, 9.43180751853
2742, 9.70305216448
2743, 11.3909699096
2744, 13.8642743066
2745, 16.1361890615
2746, 20.6771388772
2747, 24.443270951
2748, 30.6194962264
2749, 36.2978576086
2750, 40.5706332475
2751, 39.6205122168
2752, 38.3546026122
2753, 36.5576694767
2754, 34.2352366239
2755, 35.285282178
2756, 33.4942615543
2757, 31.3048962493
2758, 25.5206271309
2759, 18.8489653392
2760, 11.6439652877
2761, 10.3056053021
2762, 9.53148186173
2763, 9.3704926071
2764, 10.4649848285
2765, 8.46620549448
2766, 7.13244749298
2767, 7.76502075845
2768, 9.27183270249
2769, 10.4493633044
2770, 14.0464983526
2771, 17.8849079799
2772, 20.4661117214
2773, 28.8510140355
2774, 30.569919162
2775, 31.3145193676
2776, 30.0584168077
2777, 27.6691560287
2778, 25.8000577107
2779, 24.9128056732
2780, 22.3186890839
2781, 18.6105057641
2782, 15.5976819557
2783, 6.94034805465
2784, 4.00775474178
2785, 1.90846074582
2786, 1.70743782051
2787, 2.008633077
2788, 3.82998199914
2789, 5.39652813333
2790, 6.54141882433
2791, 7.43588692926
2792, 8.81438687371
2793, 9.77085585391
2794, 12.3415154513
2795, 16.0487277476
2796, 19.6039069578
2797, 23.7116421334
2798, 28.028324882
2799, 33.8453229345
2800, 36.1963791856
2801, 35.3448708452
2802, 34.5006663635
2803, 35.6434493811
2804, 35.8023623828
2805, 33.8604548833
2806, 32.7252529504
2807, 29.8335606263
2808, 25.462971154
2809, 19.3543911119
2810, 17.2047561244
2811, 21.1029003811
2812, 22.609660133
2813, 23.6462289936
2814, 24.3735275898
2815, 31.0653375843
2816, 33.3553834443
2817, 32.0214763937
2818, 30.225434208
2819, 29.292302321
2820, 28.4371951269
2821, 27.3278852232
2822, 28.3012710469
2823, 27.6489543889
2824, 25.1051237676
2825, 18.5331522951
2826, 15.6205293428
2827, 16.8173899736
2828, 20.343685155
2829, 21.3684110856
2830, 24.3508528288
2831, 28.0258751105
2832, 30.5068851192
2833, 33.558406841
2834, 36.3720063103
2835, 36.444001886
2836, 34.7775167209
2837, 33.4296160442
2838, 29.9216807396
2839, 29.0567061222
2840, 29.7977333174
2841, 25.2279148311
2842, 21.9461423597
2843, 18.4639451809
2844, 16.3559279253
2845, 15.2611649993
2846, 16.5563262445
2847, 17.2594143044
2848, 21.3259262035
2849, 25.9488220819
2850, 25.2597689415
2851, 29.3595029386
2852, 37.6790634058
2853, 43.5151137132
2854, 47.613939624
2855, 47.1748578255
2856, 45.8512398833
2857, 45.1779633226
2858, 41.2089581419
2859, 36.5728100717
2860, 32.741394886
2861, 26.5830057529
2862, 15.9512295552
2863, 8.1054824632
2864, 2.3906632211
2865, 2.13931344372
2866, 2.93242690654
2867, 3.30407568947
2868, 3.30426118064
2869, 3.10344603843
2870, 3.24407733099
2871, 4.14785388432
2872, 6.39711408988
2873, 8.18489589185
2874, 12.6054902882
2875, 17.3176040848
2876, 19.9195277828
2877, 25.1220773624
2878, 29.7528717214
2879, 36.6242500233
2880, 37.3586382632
2881, 36.5366980777
2882, 34.9202655788
2883, 33.9759260213
2884, 30.0253073219
2885, 25.1712500698
2886, 21.8288352281
2887, 17.0520065428
2888, 13.9681573298
2889, 9.60846864385
2890, 9.13682716275
2891, 12.782525485
2892, 17.2516555146
2893, 22.1968410685
2894, 27.0417373202
2895, 32.2570478578
2896, 36.9062639585
2897, 43.0987778488
2898, 42.9091436824
2899, 41.49163273
2900, 42.6366623766
2901, 39.6740080597
2902, 34.75177334
2903, 28.9220499602
2904, 23.5951049374
2905, 18.3801270257
2906, 14.2416092296
2907, 7.53248402443
2908, 9.93189250877
2909, 12.0707196993
2910, 12.5270401355
2911, 13.4419554575
2912, 18.6345386142
2913, 22.7846237601
2914, 24.8939772917
2915, 24.9652301423
2916, 25.5786952592
2917, 28.2093479219
2918, 26.1092353551
2919, 22.5034969837
2920, 19.8185751769
2921, 18.1620080523
2922, 13.7924699315
2923, 10.9170960176
2924, 8.87826222138
2925, 8.8685391796
2926, 8.96896884732
2927, 8.89807904928
2928, 10.8516159969
2929, 14.8085040877
2930, 16.7079210846
2931, 16.7196231135
2932, 15.9169236671
2933, 15.846225807
2934, 16.6085920263
2935, 16.6381194493
2936, 15.3225161111
2937, 12.4503995383
2938, 8.71827405141
2939, 4.61013264226
2940, 3.27403909122
2941, 4.82037213589
2942, 6.57771848402
2943, 7.60207663492
2944, 9.73134374461
2945, 13.3931998558
2946, 15.2438845533
2947, 16.0080187733
2948, 17.9265760859
2949, 18.8828764441
2950, 18.4005716036
2951, 16.8435525772
2952, 15.4374321174
2953, 13.2678988771
2954, 10.2846358879
2955, 7.20703983872
2956, 6.73277840767
2957, 7.32714761835
2958, 6.97554724759
2959, 9.04430896649
2960, 12.6618607639
2961, 15.6349558805
2962, 18.5999675642
2963, 23.4168327516
2964, 24.3019111001
2965, 23.8687802732
2966, 23.0254011779
2967, 22.5913112209
2968, 22.7827689276
2969, 22.0285354277
2970, 20.510016306
2971, 17.9597775827
2972, 14.6040074572
2973, 10.6008377316
2974, 10.7109557004
2975, 11.162367404
2976, 11.8951856325
2977, 13.1706021702
2978, 11.7027920194
2979, 21.2187070678
2980, 21.2187070678
2981, 21.2187070678
2982, 21.2187070678
2983, 21.2187070678
2984, 21.2187070678
