0, 11.0266902237
1, 11.0266902237
2, 11.0266902237
3, 11.0266902237
4, 11.0266902237
5, 0.110471449646
6, 0.100436765779
7, 0.0703118244197
8, 0.060274608326
9, 0.0602698671557
10, 0.0703028945535
11, 0.0703030897314
12, 0.0703018846508
13, 0.311280565181
14, 0.271141515649
15, 0.281213528086
16, 4.34159282134
17, 4.47270702685
18, 4.4732680236
19, 4.68472193611
20, 4.67537438009
21, 4.67477478541
22, 4.68421031346
23, 4.46329166483
24, 4.46329265029
25, 4.58377474427
26, 0.522251884103
27, 0.411787422399
28, 0.411806477993
29, 0.210953173734
30, 0.291260538995
31, 0.321376900473
32, 0.31134529495
33, 0.291275371881
34, 0.291293640088
35, 0.190837392757
36, 0.210908910626
37, 0.210905872971
38, 0.210916849027
39, 0.210926976662
40, 0.130579306209
41, 0.140606388627
42, 0.150645011973
43, 0.160693091593
44, 0.351474591944
45, 0.933855344329
46, 1.33558465515
47, 1.33574562416
48, 1.35601038596
49, 1.46659186922
50, 1.52679731908
51, 1.57686007954
52, 2.72146888546
53, 3.05300751822
54, 2.95276455521
55, 2.40055010314
56, 2.09944293815
57, 2.12945488356
58, 2.43048821466
59, 2.34010997936
60, 2.36023641539
61, 2.46066814902
62, 1.32579810913
63, 1.38593149147
64, 1.9080663326
65, 1.97851105218
66, 2.17942021388
67, 2.28000108834
68, 2.28002410821
69, 2.42056331368
70, 2.34024647498
71, 2.22977455265
72, 2.27999189337
73, 1.95855413744
74, 1.5065052435
75, 1.71933445581
76, 1.65906169227
77, 1.55065051095
78, 1.28959680077
79, 1.14905035326
80, 1.54061713201
81, 1.73134527886
82, 1.6711420893
83, 1.6310505247
84, 1.54073916159
85, 1.33783784251
86, 1.1670271069
87, 1.12488213468
88, 1.10482531841
89, 1.0847653723
90, 0.703093070061
91, 0.431887372668
92, 0.893748639654
93, 1.3054667936
94, 1.3356929061
95, 1.30567488123
96, 1.23553829828
97, 1.27573158661
98, 1.34590160315
99, 1.39606395584
100, 1.42618833868
101, 1.50653610005
102, 1.07468297284
103, 0.954072352708
104, 0.964128217828
105, 0.893876132471
106, 0.914014717794
107, 0.87390366898
108, 0.89392371265
109, 1.24529335101
110, 1.79757589982
111, 2.04871575985
112, 2.24972327691
113, 1.9787441941
114, 2.06918095983
115, 2.0590961235
116, 2.32008561108
117, 2.37029293098
118, 2.47070999618
119, 2.33007516053
120, 1.79783702371
121, 1.50659863518
122, 1.34591389777
123, 1.51661654996
124, 1.71735366551
125, 2.02866210711
126, 2.01867415373
127, 2.11923601171
128, 2.11929828522
129, 2.0188660257
130, 2.0489809351
131, 2.20962030064
132, 2.15943152042
133, 2.12926322732
134, 1.85806675891
135, 1.57687268409
136, 1.47640239603
137, 1.42620832248
138, 1.25548580697
139, 1.21528589531
140, 1.31570932764
141, 1.28553828487
142, 1.49839707218
143, 1.7494394203
144, 2.45237146974
145, 2.89631307083
146, 3.49893788935
147, 4.06149909312
148, 4.42325081757
149, 4.61414050639
150, 4.4636024502
151, 4.38327406672
152, 4.41126109264
153, 4.47132541774
154, 3.81846263405
155, 3.40477525404
156, 2.83237279468
157, 2.42060861562
158, 2.22969858648
159, 1.9183557872
160, 2.00878025862
161, 2.02888483722
162, 1.77778847675
163, 1.27557331672
164, 1.25544887257
165, 1.185162146
166, 1.07464836436
167, 1.17698588224
168, 1.16696557938
169, 1.16703894157
170, 1.15703531868
171, 1.19725181887
172, 1.28761112599
173, 1.82975356939
174, 2.02058004566
175, 2.52275585792
176, 2.61327489985
177, 2.53106941649
178, 2.79215775982
179, 3.18382188105
180, 3.29429674266
181, 3.21402599378
182, 3.24422849535
183, 2.86255831557
184, 2.59131774109
185, 2.11920682911
186, 2.05893444735
187, 1.95848695217
188, 1.48645249569
189, 1.20521573979
190, 1.18709238578
191, 1.14695463703
192, 1.24732401391
193, 1.35778430748
194, 1.54862674771
195, 1.57882025341
196, 1.61903954582
197, 1.57890710339
198, 1.81989950263
199, 1.89015983951
200, 2.59102045939
201, 3.57516670426
202, 3.77619684384
203, 3.85675655157
204, 3.86706352102
205, 3.99771395368
206, 4.08792622349
207, 4.16816483526
208, 3.92714894791
209, 3.81666928235
210, 3.25414258405
211, 2.45061326158
212, 2.11916072644
213, 1.90828361487
214, 1.74766555806
215, 1.65725846255
216, 1.41619406904
217, 1.2956605747
218, 1.64709784697
219, 1.76761109113
220, 1.63703928051
221, 1.85797633369
222, 1.89826458147
223, 1.83805508596
224, 1.82802919781
225, 1.99874019783
226, 2.00876960967
227, 2.03885848793
228, 2.12916901774
229, 2.18945948061
230, 2.3802298501
231, 2.38023192585
232, 2.40047225449
233, 2.51099508997
234, 2.40059201744
235, 2.12942903794
236, 2.26992392245
237, 2.34014669774
238, 2.12916275011
239, 2.99460844177
240, 2.83407974811
241, 2.60324702835
242, 2.70381521641
243, 2.59352705879
244, 2.66372070368
245, 3.00696410534
246, 3.28810842852
247, 3.32829053284
248, 3.30825555704
249, 2.44263712347
250, 2.27198033969
251, 2.33215534558
252, 2.68351255992
253, 2.85428907549
254, 3.49697939722
255, 4.05738883401
256, 4.6438874403
257, 4.9152032377
258, 5.21669610349
259, 5.51812099036
260, 5.62868871053
261, 6.36154548672
262, 6.05020105517
263, 6.05028661929
264, 5.43770469145
265, 4.66445338187
266, 3.98740798933
267, 3.68597552542
268, 3.43484616578
269, 3.14362203285
270, 3.39471583693
271, 2.77199165577
272, 2.45070789903
273, 2.26999259106
274, 2.28006168886
275, 2.56113166804
276, 2.44247924145
277, 2.52480176722
278, 3.60926414639
279, 3.52916535746
280, 3.16778872224
281, 3.047372862
282, 3.86087702593
283, 4.38290056262
284, 5.35680903335
285, 5.14619101076
286, 5.68669819183
287, 7.75324945065
288, 6.86969039614
289, 7.22135618715
290, 7.53302582157
291, 7.70407490359
292, 7.45260374036
293, 7.33180141407
294, 6.618750654
295, 6.65899583645
296, 6.0865903779
297, 3.88704629874
298, 3.67605141828
299, 3.4148436525
300, 3.31436426101
301, 2.91268896138
302, 2.38044587358
303, 1.9385510876
304, 1.65728145063
305, 1.59689768381
306, 1.7976544691
307, 1.98848669441
308, 1.89818856349
309, 1.99866219119
310, 1.94852022761
311, 1.97870533717
312, 2.35021051938
313, 3.44469358055
314, 3.66573688154
315, 4.81049044682
316, 5.37306532527
317, 6.08631749203
318, 6.69904559533
319, 7.00055627856
320, 7.59315100572
321, 7.95474618727
322, 8.23586951988
323, 7.55290748156
324, 7.73369571789
325, 6.82971620514
326, 6.16685389045
327, 5.52405743277
328, 4.88130852491
329, 4.80084459117
330, 4.23839877148
331, 3.97732026312
332, 3.30446134587
333, 2.91280535572
334, 2.48087715972
335, 2.05894901321
336, 1.91827074677
337, 2.15915354562
338, 2.33996667083
339, 2.08892368377
340, 2.07901065758
341, 2.2699438444
342, 2.38044504965
343, 3.84639399011
344, 4.09760953753
345, 4.30870004975
346, 6.4375050912
347, 7.75320666418
348, 8.89816970783
349, 10.6577483966
350, 12.2772635346
351, 13.9063644905
352, 16.1859917467
353, 16.7404670689
354, 16.8314344882
355, 17.9463230058
356, 16.7933173737
357, 15.7787241877
358, 15.0371673307
359, 13.3881824201
360, 11.9199903828
361, 10.3913317014
362, 8.43269294092
363, 6.73324282872
364, 6.72316967601
365, 5.94976416833
366, 5.11421013094
367, 4.32083483887
368, 3.96731579249
369, 4.00744394639
370, 3.9370892925
371, 3.49523759442
372, 3.08553864618
373, 2.74410441525
374, 2.39250021636
375, 1.86006372128
376, 2.22141053976
377, 2.35200575425
378, 2.16126773594
379, 1.97051303247
380, 2.08106573748
381, 2.18153536245
382, 3.07316846127
383, 3.11350856789
384, 3.46507956056
385, 6.85889086295
386, 7.83322978506
387, 10.1551428526
388, 12.4774832118
389, 15.0191208631
390, 16.5560041042
391, 19.3579884692
392, 19.0372792024
393, 19.2686859009
394, 20.3128589858
395, 17.7013750899
396, 16.8270958974
397, 15.1174337527
398, 13.3580765809
399, 11.6324565946
400, 10.0757576798
401, 7.97665938706
402, 7.61523072262
403, 7.84623052374
404, 7.20326442345
405, 6.82159767786
406, 6.670874757
407, 6.32943540127
408, 6.18889906275
409, 5.08224293357
410, 4.66050064805
411, 3.91728045191
412, 3.75649377723
413, 3.30435862869
414, 3.66553676503
415, 3.79612816958
416, 3.34437712017
417, 3.15371610676
418, 3.09363550368
419, 3.27441038732
420, 3.72615973498
421, 5.40305461234
422, 8.23481529667
423, 15.0047747004
424, 22.3195287343
425, 26.2178668912
426, 29.6346092575
427, 31.9466292344
428, 32.9619589904
429, 36.5799677435
430, 38.3086019332
431, 38.1176730274
432, 35.5489103212
433, 30.3946802374
434, 22.897984615
435, 19.5227910835
436, 16.9915553098
437, 14.9831120474
438, 13.6876962005
439, 10.469693442
440, 8.45902263055
441, 7.34401160875
442, 7.52263488261
443, 6.9901258045
444, 6.54825740727
445, 5.80520113439
446, 4.97181049203
447, 4.32921809049
448, 4.07804238576
449, 3.68612111497
450, 3.57556819285
451, 3.18382397131
452, 2.76198417665
453, 2.59100801219
454, 2.17931843972
455, 1.83796865616
456, 1.78786938885
457, 2.20975340212
458, 2.500864363
459, 2.41040152862
460, 3.78607242147
461, 6.76841793795
462, 11.5483021
463, 12.5633199542
464, 14.2737712139
465, 18.2714356133
466, 20.081868778
467, 22.3109744117
468, 24.8215634379
469, 26.491427844
470, 25.4673661957
471, 25.0269756915
472, 22.1262280649
473, 21.2422336358
474, 20.1555600801
475, 17.1548985631
476, 16.1987683049
477, 14.0692560333
478, 11.88964499
479, 10.6523602308
480, 10.86328536
481, 9.13359936494
482, 7.54477224213
483, 6.94218872013
484, 6.62085806254
485, 5.67491347865
486, 4.64041136633
487, 4.18839739112
488, 3.62589412497
489, 3.0834344815
490, 2.53097398352
491, 2.30986296389
492, 1.91826107473
493, 2.17924009073
494, 2.13915602924
495, 2.08918454498
496, 5.10142318027
497, 7.89319048882
498, 11.9001288081
499, 15.2850678388
500, 17.6384422813
501, 20.3406027299
502, 23.3237252196
503, 24.5692526511
504, 28.144085358
505, 29.1691796681
506, 27.2110380029
507, 25.6340963035
508, 23.6753793999
509, 21.6901783802
510, 20.2216903185
511, 18.624811875
512, 16.4456842024
513, 15.0998597695
514, 11.6347200525
515, 11.2028896503
516, 11.1925305092
517, 10.1680446062
518, 8.71167545659
519, 7.71351915187
520, 6.81982474165
521, 5.22283352255
522, 4.47961144241
523, 3.89701726609
524, 3.72612309686
525, 3.12355256244
526, 2.11922675188
527, 2.03886454322
528, 1.68730873914
529, 1.54663042332
530, 2.07881463796
531, 2.1392128252
532, 2.11928069803
533, 3.41458038825
534, 6.5092161605
535, 11.4698570538
536, 14.9953695936
537, 17.3567616564
538, 20.0595329216
539, 22.7416577567
540, 24.3484884414
541, 25.694174277
542, 26.7590421061
543, 26.5983604706
544, 24.1153825622
545, 20.5193304822
546, 18.0704912555
547, 16.5237979994
548, 14.3343733365
549, 12.0847097008
550, 10.3673119875
551, 10.2062914929
552, 9.94509195899
553, 9.25215164837
554, 8.54929839383
555, 7.6756466314
556, 6.91028523673
557, 5.91586736378
558, 5.12238039167
559, 4.45954878582
560, 4.06779083285
561, 2.69171660199
562, 1.85806901872
563, 1.57678891907
564, 1.34583551127
565, 0.863757252753
566, 0.903844320432
567, 1.46620845175
568, 3.65105387071
569, 6.4949290999
570, 6.81705543183
571, 8.57498046741
572, 13.6464399384
573, 16.4989223084
574, 19.1422837729
575, 21.5835273449
576, 23.9245690641
577, 26.1740723208
578, 25.3966558329
579, 24.892348191
580, 26.0294436581
581, 25.8687726034
582, 21.8130345934
583, 20.2662021543
584, 18.8178900945
585, 17.7229627306
586, 16.6400487325
587, 14.7620806769
588, 14.4186837016
589, 13.1933673525
590, 12.3077174213
591, 11.2028987944
592, 10.5481092592
593, 9.30273610711
594, 8.24807023946
595, 6.90216229908
596, 5.29316024846
597, 4.56991345058
598, 3.56549274382
599, 2.4807525482
600, 1.84804033864
601, 1.51661326022
602, 1.30566132781
603, 1.29551540811
604, 1.55660601102
605, 3.60700860509
606, 3.66761991369
607, 3.43698468439
608, 3.37703360706
609, 3.73871741566
610, 4.65209681682
611, 4.81256908287
612, 5.31480812947
613, 5.95767483001
614, 5.77719066339
615, 4.52963723623
616, 5.02179922957
617, 6.11646571626
618, 7.23109865114
619, 6.92007505513
620, 6.00638257403
621, 5.86588039787
622, 5.70501264524
623, 6.52785980057
624, 7.73284375376
625, 7.97414300844
626, 7.58305820582
627, 7.39253666992
628, 6.40841378122
629, 6.40823739284
630, 7.0908309736
631, 6.96036352467
632, 7.24135985312
633, 6.12641183515
634, 5.41537930586
635, 5.32687150035
636, 5.66854272945
637, 5.16653923649
638, 5.68877988454
639, 5.78933389598
640, 5.23888561669
641, 5.20875018729
642, 4.62619922394
643, 4.45524427162
644, 4.09159071772
645, 3.19580706879
646, 2.72388226558
647, 2.35238052661
648, 1.70955160918
649, 1.48849677665
650, 1.32577749119
651, 1.44625407941
652, 1.62694305362
653, 1.41600497598
654, 1.42605417199
655, 1.37599849738
656, 1.30582877551
657, 1.28575762352
658, 1.51664242343
659, 2.08890543135
660, 2.42030869901
661, 2.6614138259
662, 2.57116707763
663, 2.61143727782
664, 2.621417796
665, 2.80220538192
666, 3.01312911873
667, 3.04331515916
668, 2.8324208312
669, 2.36031827027
670, 2.07905885491
671, 1.79778491911
672, 1.57681849184
673, 1.66712407945
674, 1.59682010664
675, 1.60690426524
676, 2.61102850375
677, 6.10543966659
678, 8.93951918968
679, 10.8401557277
680, 10.831434079
681, 11.0132082666
682, 13.0615465296
683, 13.071128504
684, 13.4924372828
685, 14.1051200797
686, 14.2961326132
687, 11.855335287
688, 12.4691281396
689, 11.8649061344
690, 12.3878628294
691, 12.9105446026
692, 11.2939571279
693, 12.6209596943
694, 12.2992353414
695, 11.5963932704
696, 10.4616480562
697, 9.98963820166
698, 6.77151570901
699, 5.54603501427
700, 5.02389468291
701, 4.27073542597
702, 3.79863569954
703, 2.08913241944
704, 1.72751373433
705, 1.91824824067
706, 1.9282594571
707, 1.73738590652
708, 2.21937382532
709, 2.19948963484
710, 2.15949820558
711, 2.09935419619
712, 2.21987062576
713, 2.5610975185
714, 3.15342553845
715, 3.42457723976
716, 3.77617719077
717, 3.85668066775
718, 3.45511165583
719, 4.03758003864
720, 4.45942949493
721, 4.65032188208
722, 4.54996030048
723, 4.22863387321
724, 3.59583774986
725, 3.00314156831
726, 3.92662652054
727, 4.21784381173
728, 5.14179442285
729, 6.46746094301
730, 7.82363515667
731, 9.73189334864
732, 11.8812676454
733, 12.6853549677
734, 14.4028322363
735, 18.160465358
736, 20.058341246
737, 21.2456423448
738, 19.9813094394
739, 18.425445013
740, 20.0515776928
741, 21.1150473883
742, 22.2330600644
743, 22.6457367241
744, 22.5866304683
745, 20.1645633874
746, 18.1876417395
747, 16.4780219063
748, 16.889719422
749, 17.3716677952
750, 14.7200240357
751, 11.7369698206
752, 9.02115916845
753, 8.36842983529
754, 7.37402915295
755, 6.75115427364
756, 5.42361919076
757, 5.23297538575
758, 4.87147002874
759, 4.06789584047
760, 3.36469396667
761, 3.24409560079
762, 2.87244410476
763, 2.43052698521
764, 2.279762374
765, 1.91819259208
766, 1.97856162106
767, 2.18952802716
768, 2.4908670611
769, 3.14353081165
770, 3.66574352571
771, 4.06757604751
772, 4.18825317721
773, 4.34908043264
774, 4.4494097463
775, 4.70036780287
776, 4.79079753838
777, 4.65027746512
778, 4.30894026686
779, 3.47534834359
780, 2.91279723958
781, 2.54106159957
782, 3.10319248825
783, 4.01690326847
784, 5.19179485953
785, 5.88499391164
786, 8.51828421418
787, 10.0673455374
788, 11.9557674677
789, 13.8541157968
790, 16.5558220176
791, 19.3476004242
792, 22.771871042
793, 23.3951982075
794, 21.6588250099
795, 20.9261680785
796, 20.3010214146
797, 21.9086283603
798, 23.4442367918
799, 23.3544822385
800, 24.2227225099
801, 22.536479309
802, 18.9412710617
803, 17.7559790935
804, 18.6698493122
805, 20.1956296802
806, 18.8092999539
807, 16.2243652607
808, 14.1494012453
809, 13.3561941536
810, 11.0820918639
811, 11.1020208198
812, 11.0420506906
813, 10.7409413097
814, 9.78699103679
815, 7.92886298789
816, 7.29585788227
817, 6.82359643078
818, 5.49382893872
819, 4.91125642328
820, 3.80654471906
821, 2.95279582531
822, 2.57111840267
823, 3.10329918644
824, 3.47498447114
825, 3.29437725804
826, 3.38480255595
827, 3.73631194406
828, 4.36279249372
829, 4.81454362381
830, 5.17824166355
831, 5.53994679304
832, 6.24495646939
833, 6.84736502174
834, 7.88175177693
835, 10.1011431503
836, 10.3527794527
837, 10.062028985
838, 9.59631681421
839, 8.78285401026
840, 8.20802434108
841, 7.64521198873
842, 7.76337527627
843, 7.70282287163
844, 8.34732170933
845, 7.49391206556
846, 9.24364226483
847, 11.4733946717
848, 12.7492944489
849, 15.0190701279
850, 18.6143996387
851, 22.1213878453
852, 26.0176470159
853, 25.85002716
854, 25.5677826579
855, 29.5543840261
856, 30.9502182036
857, 31.9057690723
858, 33.3825309059
859, 32.2291008165
860, 31.1362339193
861, 29.1954866085
862, 26.3446384476
863, 26.6536849649
864, 26.9851326639
865, 23.3895613683
866, 20.1036770122
867, 16.7373922755
868, 14.1461717179
869, 13.5734000712
870, 11.8734733347
871, 11.6018268071
872, 10.5854987211
873, 9.21197697667
874, 7.12330094504
875, 5.43618485694
876, 5.05440812818
877, 4.94359766276
878, 4.56178869658
879, 4.69216001971
880, 4.05948017278
881, 2.73378971535
882, 1.85000259234
883, 1.64733289236
884, 1.64730112318
885, 2.13918835725
886, 2.50071245196
887, 2.94259263679
888, 5.46892172214
889, 5.24837870085
890, 5.10824052681
891, 5.67084995079
892, 5.86197835156
893, 6.32361622252
894, 7.10656853528
895, 7.40182629036
896, 7.62287558444
897, 7.75352600429
898, 5.6084817006
899, 5.50811248066
900, 5.94995121214
901, 5.74897541459
902, 5.32720178043
903, 4.84517852711
904, 4.06181701518
905, 4.00734598393
906, 4.49911768222
907, 5.22207705234
908, 6.22650952254
909, 8.01629201247
910, 11.4106404783
911, 15.2871239323
912, 18.7664448827
913, 22.3023735009
914, 24.010997797
915, 24.7246747946
916, 24.0418667978
917, 24.9350365357
918, 28.4004629149
919, 31.4025207375
920, 31.7441290131
921, 29.0259360054
922, 26.4424834549
923, 25.3577781377
924, 25.0899753575
925, 24.9404259198
926, 26.667355749
927, 26.2458016791
928, 23.341196752
929, 18.8801381249
930, 15.1343206952
931, 14.7525011977
932, 14.5514815392
933, 13.267443063
934, 13.7150298056
935, 12.9099686991
936, 10.8614426191
937, 9.15429645094
938, 7.37667538024
939, 6.75362588165
940, 6.45199001229
941, 5.18449879721
942, 4.57185275085
943, 3.75626329577
944, 1.91830848008
945, 1.4060914391
946, 1.44627767782
947, 1.77768706116
948, 2.02869265627
949, 2.36007718177
950, 3.18356222357
951, 3.60555387012
952, 3.56559117603
953, 4.2484082348
954, 4.3992391007
955, 4.63018426736
956, 5.03178550826
957, 5.42349141534
958, 5.69458042084
959, 5.64443252304
960, 5.20265410581
961, 4.99388272029
962, 5.0742478886
963, 4.20037031971
964, 4.07982475983
965, 3.75838879405
966, 3.20593338997
967, 3.1655539203
968, 3.60722341373
969, 4.9146038434
970, 6.32064269492
971, 8.23715757863
972, 11.7321064633
973, 15.4381174461
974, 17.939446678
975, 20.8625130135
976, 22.8518487581
977, 22.7138639872
978, 23.4666803239
979, 23.7555232223
980, 24.287248353
981, 24.9094394445
982, 22.8008145978
983, 21.3948960929
984, 21.3145938445
985, 21.4168044927
986, 21.6416323338
987, 22.694627534
988, 22.1225847281
989, 22.2028494521
990, 20.7967106404
991, 18.265782618
992, 17.6228689465
993, 16.276939753
994, 15.1435565833
995, 14.0100875736
996, 14.5904327334
997, 14.018511299
998, 13.4786784595
999, 11.6713637625
1000, 11.2696964445
1001, 11.3094990954
1002, 10.8671566669
1003, 9.92299318176
1004, 8.55520873439
1005, 6.93418151913
1006, 4.24046939514
1007, 3.38667446867
1008, 2.82220197835
1009, 2.73186766736
1010, 2.15943274044
1011, 1.96863320235
1012, 2.19943082098
1013, 2.59103661098
1014, 3.67556690163
1015, 4.20794477579
1016, 4.40915114381
1017, 4.34913500036
1018, 4.14844484882
1019, 4.60017635376
1020, 6.16637858437
1021, 6.9095507111
1022, 7.08042930408
1023, 7.34386163229
1024, 7.08498720611
1025, 6.72539671593
1026, 6.39401641817
1027, 6.75550608699
1028, 7.25757767782
1029, 6.91599284851
1030, 5.29897570739
1031, 4.79686233766
1032, 5.57180794393
1033, 6.92522397741
1034, 10.3693194866
1035, 12.4607616463
1036, 16.3881240371
1037, 19.5763922815
1038, 21.043702
1039, 23.0826698612
1040, 25.2321272159
1041, 28.5560570522
1042, 30.1724469345
1043, 30.0621974354
1044, 30.0318833986
1045, 28.3918452375
1046, 27.7588302335
1047, 27.153821537
1048, 27.6160505268
1049, 27.6359085518
1050, 26.6521979154
1051, 24.1919278516
1052, 24.5806819123
1053, 23.8575423183
1054, 20.6517295443
1055, 19.8387540799
1056, 17.5290469486
1057, 15.0258146002
1058, 13.2877539939
1059, 12.0320152855
1060, 12.7047768454
1061, 12.7651557534
1062, 9.50133207697
1063, 8.70820804244
1064, 8.4773087803
1065, 8.6278864187
1066, 7.91452699749
1067, 7.4926960545
1068, 6.87009017467
1069, 5.85559013058
1070, 4.09787433133
1071, 2.86251263377
1072, 2.49086722545
1073, 2.26979933854
1074, 1.65712287653
1075, 1.78762912834
1076, 1.8679793323
1077, 1.79782035697
1078, 1.78786706452
1079, 1.97867746741
1080, 2.36218889767
1081, 2.74376425907
1082, 3.74790566122
1083, 3.55731359341
1084, 3.49726403753
1085, 3.78846911502
1086, 4.38089213662
1087, 5.76849499008
1088, 6.85316592696
1089, 7.33562971202
1090, 7.47462713786
1091, 8.74198472507
1092, 9.05318825157
1093, 9.34454763758
1094, 10.4091411008
1095, 11.1624898643
1096, 10.4295549683
1097, 9.89500755644
1098, 8.90096910597
1099, 8.2884559767
1100, 7.8664037576
1101, 7.48239305473
1102, 8.46605452376
1103, 10.4342767517
1104, 11.5090972318
1105, 12.5841799972
1106, 15.9689717315
1107, 17.9175758018
1108, 21.1434912959
1109, 24.9600139261
1110, 29.7104943733
1111, 31.1874051016
1112, 31.3686963781
1113, 31.7406628649
1114, 30.7970387847
1115, 29.282205963
1116, 26.6103345419
1117, 25.7863106953
1118, 24.5503467665
1119, 22.1899205742
1120, 18.4861348965
1121, 17.3735778827
1122, 16.5500375483
1123, 14.8124356479
1124, 14.2801575163
1125, 14.2782491226
1126, 14.7200100974
1127, 13.3640264515
1128, 12.2972910179
1129, 11.8071890041
1130, 11.6044147905
1131, 10.2768495589
1132, 8.61986421511
1133, 7.6356827314
1134, 7.41445334973
1135, 6.75130132785
1136, 6.14839229517
1137, 5.60619279779
1138, 4.58201671529
1139, 3.63600084252
1140, 2.64171619229
1141, 2.39052254963
1142, 2.71172062772
1143, 3.64549626698
1144, 3.34427600989
1145, 3.30422997052
1146, 2.90263081754
1147, 3.37470828724
1148, 4.05748636367
1149, 4.67002556802
1150, 5.82498224748
1151, 6.03623127027
1152, 6.37779901136
1153, 6.30747557033
1154, 6.08672539905
1155, 7.54252165726
1156, 11.0970683619
1157, 13.2564056022
1158, 14.3837047864
1159, 14.4451142228
1160, 14.937912283
1161, 15.2593472489
1162, 14.6162583421
1163, 14.5153655702
1164, 15.401023762
1165, 15.5209968387
1166, 12.8391638905
1167, 10.1279846901
1168, 8.30861096275
1169, 7.7664189543
1170, 7.95650207435
1171, 9.29159798253
1172, 11.561167439
1173, 11.1401297481
1174, 12.1729781416
1175, 12.1630249511
1176, 18.8721435821
1177, 20.6623722324
1178, 23.8066944412
1179, 24.7422578895
1180, 22.9561021477
1181, 21.6697944503
1182, 21.6503181886
1183, 21.5798048102
1184, 19.9123742147
1185, 20.6050290643
1186, 14.6472916281
1187, 13.8618667523
1188, 11.762914471
1189, 11.3116619445
1190, 11.7236007531
1191, 12.1369069152
1192, 9.91530622642
1193, 10.4775289635
1194, 10.9494664245
1195, 9.18181472462
1196, 7.84593808574
1197, 6.93220729217
1198, 6.79155008656
1199, 6.36974797636
1200, 5.96808612843
1201, 5.28307192023
1202, 6.29730694642
1203, 6.72082463943
1204, 7.62446473238
1205, 7.20310457099
1206, 6.6833573713
1207, 6.69364740777
1208, 5.84996268956
1209, 5.58847018845
1210, 5.46774511139
1211, 5.4375403197
1212, 4.58380019431
1213, 3.40672241514
1214, 1.82991297695
1215, 1.98053035442
1216, 2.19948186668
1217, 2.54086733347
1218, 2.75186443654
1219, 2.70186056737
1220, 3.3546108682
1221, 3.70604351342
1222, 3.49522090512
1223, 5.50337842129
1224, 9.05012646789
1225, 10.5870047053
1226, 11.7926860825
1227, 12.0649113827
1228, 12.2364090908
1229, 12.6278321417
1230, 11.9846886223
1231, 11.9942872968
1232, 12.8978581062
1233, 11.602086276
1234, 8.89024032965
1235, 7.1731344701
1236, 5.78740168977
1237, 5.03420388149
1238, 4.90350690683
1239, 7.05194910115
1240, 9.00009990911
1241, 11.058833564
1242, 10.8186515695
1243, 11.3215777848
1244, 12.5448197314
1245, 14.9868694584
1246, 16.515243825
1247, 20.2309332222
1248, 21.04735757
1249, 18.4569901497
1250, 16.9104302045
1251, 17.6467417652
1252, 19.4838658737
1253, 19.9876289796
1254, 20.5723839166
1255, 20.0390233999
1256, 20.2601860212
1257, 17.377756533
1258, 17.5466533406
1259, 18.2096255539
1260, 18.6412639
1261, 15.2625948987
1262, 13.408318679
1263, 12.0403025618
1264, 9.35672819003
1265, 7.32784656138
1266, 6.0321090418
1267, 5.4897367184
1268, 5.34876973212
1269, 5.25848063182
1270, 5.16824154903
1271, 5.72075116861
1272, 6.46998196361
1273, 7.36369388728
1274, 8.1973707897
1275, 8.30820798464
1276, 8.30642939382
1277, 8.09563901053
1278, 6.96059843737
1279, 6.45822459361
1280, 5.69489879362
1281, 5.06206848154
1282, 3.68599325283
1283, 2.33008234321
1284, 1.82777967231
1285, 2.10889224003
1286, 1.95822898924
1287, 2.0587678518
1288, 2.02888242231
1289, 2.36037068615
1290, 4.30828537365
1291, 6.64795517654
1292, 9.14861438616
1293, 13.9189070206
1294, 16.0791424662
1295, 17.1647853924
1296, 17.2660933954
1297, 18.2607809558
1298, 19.3550061078
1299, 19.0934349567
1300, 18.1790405208
1301, 17.4155026064
1302, 16.8045773764
1303, 13.3494644688
1304, 11.5320586794
1305, 10.1285269696
1306, 9.53620354854
1307, 8.39102063924
1308, 8.71363882004
1309, 10.6714918388
1310, 11.9065739341
1311, 11.184003845
1312, 11.2828422149
1313, 10.2089384105
1314, 10.610610883
1315, 11.391695212
1316, 12.8598144391
1317, 12.9302074706
1318, 12.0264051454
1319, 11.5541760174
1320, 13.5457531239
1321, 17.9458053151
1322, 17.8582305341
1323, 19.1069715448
1324, 19.0982255032
1325, 18.5964568692
1326, 17.5290273711
1327, 18.1208497473
1328, 17.797381706
1329, 16.1903547562
1330, 12.4901885212
1331, 7.28572617098
1332, 5.54609963052
1333, 4.22834091926
1334, 3.84658873508
1335, 4.28026482136
1336, 5.06351951487
1337, 5.58578442862
1338, 6.18871796932
1339, 7.04263970737
1340, 7.00464961771
1341, 8.57117071578
1342, 8.81227057819
1343, 8.88269135434
1344, 8.81237225102
1345, 8.57943403383
1346, 7.88625737331
1347, 6.58061740587
1348, 5.92793880386
1349, 5.21490235664
1350, 4.74077852957
1351, 3.14370375613
1352, 2.78211019048
1353, 2.69169187956
1354, 2.03885169708
1355, 1.3860104141
1356, 1.10476320733
1357, 1.61689155235
1358, 1.72737144455
1359, 1.6370897623
1360, 2.2396623343
1361, 4.93072172013
1362, 7.82280760742
1363, 9.94208232284
1364, 13.7486808024
1365, 17.0536509792
1366, 19.6353246076
1367, 21.7446318035
1368, 22.578993345
1369, 23.7342258738
1370, 23.3023869922
1371, 21.6246824069
1372, 20.0170545877
1373, 18.901927474
1374, 16.2924401295
1375, 13.2496474294
1376, 10.9499517527
1377, 8.29856796668
1378, 7.19372713669
1379, 6.04850510753
1380, 5.93786624511
1381, 6.08001953812
1382, 4.83471143732
1383, 3.92088579998
1384, 4.18988008862
1385, 6.26861325728
1386, 9.09025348914
1387, 12.2458455093
1388, 12.7694112776
1389, 13.0115065006
1390, 13.7048004094
1391, 14.0035349949
1392, 18.0211951939
1393, 20.1520995081
1394, 20.2733393499
1395, 20.6272745487
1396, 18.3985718396
1397, 16.2090926817
1398, 16.7711846257
1399, 16.6609619231
1400, 17.232910103
1401, 16.2384320989
1402, 12.9722330118
1403, 11.2226500264
1404, 10.1481591109
1405, 7.86631351642
1406, 8.02674302725
1407, 7.90422215847
1408, 7.41411772165
1409, 7.68545739102
1410, 6.50058109619
1411, 6.23943129352
1412, 6.54031224236
1413, 8.36760260025
1414, 8.03651621564
1415, 8.05696328313
1416, 7.29410479879
1417, 7.05521593419
1418, 6.89210174389
1419, 6.6006853977
1420, 6.59075836403
1421, 6.41003671944
1422, 5.76707446341
1423, 3.59753739711
1424, 3.65776656646
1425, 3.60753305059
1426, 3.49714029133
1427, 3.29427266326
1428, 2.98297695153
1429, 2.88263670221
1430, 2.80229877794
1431, 2.85246785738
1432, 2.46067918669
1433, 2.95256565506
1434, 4.40043129791
1435, 4.20988105029
1436, 5.32467309432
1437, 8.319243312
1438, 11.6555188402
1439, 15.7830258138
1440, 20.46345358
1441, 23.4274400249
1442, 24.9048973514
1443, 25.3173316466
1444, 24.7229427296
1445, 25.6864793294
1446, 24.812125073
1447, 22.6805303754
1448, 19.6153915263
1449, 15.9093638071
1450, 11.5905477212
1451, 9.2001141131
1452, 8.84826360594
1453, 7.96648569322
1454, 7.04269151511
1455, 6.25939108917
1456, 7.36577006981
1457, 8.46387370075
1458, 8.60475676008
1459, 8.25386228256
1460, 8.58570922002
1461, 8.61588097879
1462, 12.9929186881
1463, 16.3770730543
1464, 17.3825423348
1465, 17.4843543626
1466, 16.5998369264
1467, 14.7978726384
1468, 16.1723164996
1469, 16.7846005229
1470, 16.5839469052
1471, 16.7768852185
1472, 12.0163915664
1473, 8.51926399141
1474, 8.0771024298
1475, 8.28801437675
1476, 7.96663343578
1477, 7.76573259409
1478, 6.05846026552
1479, 5.55634118342
1480, 5.58824403897
1481, 5.21849329337
1482, 4.74643729254
1483, 4.8268892537
1484, 4.52565729399
1485, 3.94319045955
1486, 3.60167675418
1487, 4.3747339585
1488, 5.971314502
1489, 6.00170973076
1490, 5.63848665798
1491, 5.93606848155
1492, 7.34192381355
1493, 8.13503808505
1494, 7.91426881717
1495, 7.97498974747
1496, 8.19619896511
1497, 7.8041802179
1498, 6.06640352705
1499, 5.96594051525
1500, 5.79533348403
1501, 5.06220513302
1502, 3.42494302036
1503, 2.71169505846
1504, 2.71169579816
1505, 2.59122830765
1506, 2.18959365525
1507, 1.47656560354
1508, 1.46648072208
1509, 1.55870590358
1510, 1.68920593018
1511, 1.70930680175
1512, 1.88005191199
1513, 2.70340125443
1514, 3.26581500207
1515, 4.73198537433
1516, 6.18839247395
1517, 6.26938124649
1518, 6.28979622108
1519, 6.56906316073
1520, 6.9404730925
1521, 7.73340001799
1522, 7.93420820468
1523, 7.00044968767
1524, 6.1871822386
1525, 4.75099167566
1526, 3.64600124659
1527, 4.3185905585
1528, 4.61985192498
1529, 4.04758121803
1530, 3.58575027101
1531, 4.17191866869
1532, 6.75625113839
1533, 7.31892361804
1534, 7.31968518626
1535, 8.69800918057
1536, 8.68844014392
1537, 9.72207002404
1538, 12.1918835971
1539, 14.3715545149
1540, 14.6635161398
1541, 14.4912248992
1542, 12.0773005874
1543, 12.2276199263
1544, 13.783671093
1545, 13.7313197633
1546, 14.0128081708
1547, 12.5367033345
1548, 10.1666279991
1549, 10.5776708236
1550, 11.3427097883
1551, 10.7984935877
1552, 10.4695460748
1553, 9.6767138027
1554, 8.5917809916
1555, 7.79785069001
1556, 7.64702177166
1557, 7.9201132168
1558, 8.04070626299
1559, 7.07633643342
1560, 6.19074647953
1561, 5.55824008837
1562, 6.08852875147
1563, 6.63093718124
1564, 6.67092313832
1565, 6.54024311932
1566, 6.54045437666
1567, 8.75746249417
1568, 8.77775442594
1569, 7.4222506368
1570, 7.59332697349
1571, 7.6038243503
1572, 6.91048836389
1573, 6.23719487266
1574, 5.8354493964
1575, 5.35332565221
1576, 4.90134937526
1577, 2.12927897569
1578, 1.68730586488
1579, 1.52660395086
1580, 1.09474214205
1581, 0.964209649612
1582, 1.12484154689
1583, 1.68714088646
1584, 1.94827305767
1585, 3.9866819819
1586, 4.88077370268
1587, 6.15641718998
1588, 9.22933202533
1589, 11.9231284847
1590, 15.6188769319
1591, 19.1041016865
1592, 20.651831518
1593, 21.0945095807
1594, 23.7156269419
1595, 24.508633934
1596, 25.9745042824
1597, 26.5992147543
1598, 25.3161499743
1599, 22.5931145855
1600, 18.8770568735
1601, 15.4821361013
1602, 14.6479529637
1603, 14.5568935615
1604, 11.7547319224
1605, 8.86253738648
1606, 6.55283168354
1607, 5.33734766274
1608, 6.05750765838
1609, 6.78072502945
1610, 6.88172592139
1611, 7.56709043409
1612, 7.42675330207
1613, 7.65724504396
1614, 8.55071849537
1615, 10.822355976
1616, 11.0439050375
1617, 11.3935996674
1618, 9.57582163437
1619, 9.83894210878
1620, 11.1542015475
1621, 11.2044447746
1622, 10.8230534341
1623, 9.70848760314
1624, 9.10590357825
1625, 7.00467346748
1626, 6.84379826601
1627, 6.17068519483
1628, 5.45765940023
1629, 4.67225345511
1630, 3.54732533744
1631, 2.95282262615
1632, 2.78202995893
1633, 3.01303547473
1634, 3.08328505206
1635, 3.33438122596
1636, 3.43491244463
1637, 3.29435000821
1638, 3.72616654637
1639, 4.20815068213
1640, 4.51943743154
1641, 5.44332983467
1642, 6.99990087328
1643, 8.54854240928
1644, 9.46468454045
1645, 13.0798896443
1646, 13.2013833118
1647, 13.7843279907
1648, 14.3267811093
1649, 14.8290742404
1650, 14.3365805513
1651, 13.6533358913
1652, 12.1771005735
1653, 10.4275960481
1654, 9.03941480571
1655, 5.25290980607
1656, 5.04201294052
1657, 4.22841764724
1658, 3.57543555929
1659, 3.625376571
1660, 4.05731328967
1661, 4.65988624822
1662, 6.88924794236
1663, 8.82977148452
1664, 9.66376555735
1665, 11.8431862148
1666, 13.6514132482
1667, 17.8689462072
1668, 21.0824557879
1669, 22.8645860716
1670, 24.2112783276
1671, 26.9452794598
1672, 27.5918631906
1673, 28.8449325498
1674, 30.3635983709
1675, 30.4344127639
1676, 30.7259044203
1677, 26.6386117505
1678, 23.1836633319
1679, 21.56219137
1680, 20.8888188787
1681, 17.4917202459
1682, 14.1736170116
1683, 11.1910312166
1684, 11.2305466722
1685, 10.6273906159
1686, 8.56074956915
1687, 8.86258895884
1688, 9.05402358082
1689, 8.3929279095
1690, 8.30177040561
1691, 9.14714714574
1692, 9.71991444279
1693, 10.4833409979
1694, 8.78419194796
1695, 8.62325185361
1696, 9.4849347223
1697, 9.95710935532
1698, 9.79674804411
1699, 9.1422263941
1700, 8.81055692646
1701, 7.97472981315
1702, 7.86404384874
1703, 7.54255348662
1704, 7.41211022879
1705, 5.96594097656
1706, 6.55817094221
1707, 6.01603768675
1708, 6.48399099316
1709, 6.96614200531
1710, 7.18915329729
1711, 7.82169258224
1712, 8.01254719839
1713, 8.33394136527
1714, 8.33613059674
1715, 8.86847061112
1716, 9.13926308796
1717, 12.3324573841
1718, 14.8391820998
1719, 15.432514302
1720, 16.6383496008
1721, 20.5650078606
1722, 19.9330974387
1723, 19.0494335502
1724, 19.6502139716
1725, 21.3392556895
1726, 19.7216153014
1727, 16.3769068641
1728, 13.3724795957
1729, 12.5089526869
1730, 10.4777034394
1731, 6.2689607104
1732, 6.73297282708
1733, 7.16488211071
1734, 7.05428723409
1735, 5.64627178455
1736, 7.06225466247
1737, 10.3579334263
1738, 16.6581626706
1739, 18.3765603701
1740, 19.8340787127
1741, 23.1489069264
1742, 26.5418604857
1743, 29.3350911848
1744, 33.6428256792
1745, 36.7971900557
1746, 38.0333510131
1747, 37.4631732092
1748, 34.2154244604
1749, 35.8540838391
1750, 37.1292126834
1751, 36.1147356897
1752, 33.4137160433
1753, 30.7125118564
1754, 25.5301273672
1755, 21.8137047233
1756, 19.553227386
1757, 17.5199010913
1758, 14.3461892339
1759, 10.6785045601
1760, 7.81622508514
1761, 7.17272957207
1762, 7.68457012885
1763, 8.61660215482
1764, 11.5291583014
1765, 11.3294888327
1766, 11.4102413354
1767, 11.1491345937
1768, 12.0549879134
1769, 12.6389882771
1770, 14.2153061573
1771, 14.4459379567
1772, 16.0666002389
1773, 15.5368751851
1774, 12.8059347644
1775, 12.7062358929
1776, 12.3848469933
1777, 12.7455500956
1778, 11.9396704599
1779, 11.5861763057
1780, 10.230434798
1781, 7.84018532882
1782, 4.71255131495
1783, 3.9772417629
1784, 3.66596498779
1785, 3.89689954694
1786, 5.45316384135
1787, 4.85273860776
1788, 5.01366913183
1789, 5.00396299605
1790, 5.30547971631
1791, 7.61460096155
1792, 7.64483420281
1793, 8.19738095826
1794, 8.96098718853
1795, 11.3651075601
1796, 11.3064469271
1797, 12.1784041741
1798, 13.3940759798
1799, 13.1338325971
1800, 12.6317880364
1801, 10.6527388931
1802, 11.6264971412
1803, 11.2967074517
1804, 12.1520664047
1805, 9.98913158312
1806, 8.54126113337
1807, 7.55713788614
1808, 6.29176334388
1809, 6.70334880542
1810, 7.30562702333
1811, 8.7413471741
1812, 9.60685116484
1813, 11.181732085
1814, 11.2102671459
1815, 11.6428286462
1816, 14.7860306343
1817, 18.5537897537
1818, 19.4100087355
1819, 19.8545490009
1820, 21.4418393638
1821, 22.6285524715
1822, 23.8005837081
1823, 25.6681119529
1824, 26.9544035595
1825, 27.9998541014
1826, 27.7387579604
1827, 26.9853843486
1828, 28.4797614551
1829, 30.5666147354
1830, 30.3059597661
1831, 27.2715708514
1832, 24.1180929574
1833, 20.1407337655
1834, 17.5187838985
1835, 15.4391293436
1836, 12.2751704767
1837, 9.69187446704
1838, 7.22129963842
1839, 4.29873142948
1840, 3.52509708588
1841, 5.93704713628
1842, 9.44556560629
1843, 11.7658399041
1844, 11.6566542094
1845, 12.3304994483
1846, 12.4915798592
1847, 12.0190733215
1848, 12.1388574334
1849, 14.2673497727
1850, 13.7351450064
1851, 11.6442923936
1852, 8.18577329163
1853, 6.10710690256
1854, 6.04666552841
1855, 5.42366531026
1856, 5.50384144905
1857, 5.41348139192
1858, 5.36328395
1859, 3.67591039589
1860, 3.11356354957
1861, 2.82229564754
1862, 3.07334617012
1863, 2.74202654891
1864, 3.78618455213
1865, 8.0535935389
1866, 9.65071426148
1867, 10.3043064234
1868, 10.8275681733
1869, 11.97306602
1870, 12.9086623493
1871, 14.4243759577
1872, 15.1776695199
1873, 16.6141106696
1874, 17.5499304377
1875, 13.824096634
1876, 11.8960778259
1877, 11.3438458302
1878, 11.0344753847
1879, 10.0999460678
1880, 10.2480512621
1881, 9.45460987292
1882, 10.1776483745
1883, 9.6858133129
1884, 7.78606902199
1885, 7.77614074662
1886, 8.38883982416
1887, 9.41286560824
1888, 9.9529608851
1889, 11.0375285813
1890, 11.8329120823
1891, 12.2268810508
1892, 11.9357432491
1893, 12.3979782558
1894, 13.9848277516
1895, 16.3765779372
1896, 18.4052119099
1897, 18.4257801299
1898, 21.5108512722
1899, 22.6862505582
1900, 22.0620138062
1901, 22.3634008598
1902, 24.4844284922
1903, 26.4927521293
1904, 27.7596807856
1905, 25.328114119
1906, 24.1939545884
1907, 24.6178137568
1908, 21.1305159167
1909, 18.4083332031
1910, 17.0625832127
1911, 15.4135718084
1912, 11.7252381481
1913, 8.5611364548
1914, 7.02195409574
1915, 7.3131825731
1916, 5.97770439355
1917, 4.21854914592
1918, 4.99190001267
1919, 7.23098142122
1920, 8.70909210645
1921, 10.1976806917
1922, 10.6002979042
1923, 10.8519320772
1924, 9.79717592934
1925, 9.44531911134
1926, 9.59570825394
1927, 10.631928908
1928, 9.42691569861
1929, 7.19734829817
1930, 5.67888527003
1931, 4.61223260165
1932, 4.59193555381
1933, 4.43111486383
1934, 4.06959436844
1935, 3.71011570702
1936, 3.52937289183
1937, 3.06524299786
1938, 3.52713190608
1939, 5.05340640298
1940, 6.10805726546
1941, 6.34940105357
1942, 8.98042376102
1943, 16.5275072163
1944, 22.9949879132
1945, 27.3025412741
1946, 29.1328615914
1947, 32.0973009402
1948, 34.6402045919
1949, 35.9647929991
1950, 35.552886589
1951, 34.9710318622
1952, 31.9783530471
1953, 24.3589477665
1954, 18.4021221415
1955, 13.942369134
1956, 13.2912043531
1957, 10.8707595211
1958, 8.96056633062
1959, 7.40573653503
1960, 7.34595580419
1961, 11.5754599729
1962, 12.3894600322
1963, 12.7013486482
1964, 12.7819815534
1965, 13.6361234626
1966, 13.3723743312
1967, 13.3215779112
1968, 13.8738384828
1969, 14.6771825358
1970, 17.7601446681
1971, 16.6132087116
1972, 18.4254828844
1973, 19.9527953593
1974, 23.3694327117
1975, 25.4584755428
1976, 27.4006414417
1977, 29.9134415272
1978, 30.6893886682
1979, 31.4406492411
1980, 30.2996491806
1981, 29.6087175105
1982, 29.7150385624
1983, 28.7712861672
1984, 24.7924802306
1985, 21.7795925208
1986, 18.8528386527
1987, 15.3952985745
1988, 12.8517932691
1989, 10.5815829286
1990, 9.96453098795
1991, 8.79751894947
1992, 6.1565553872
1993, 4.99211460784
1994, 5.54465865971
1995, 6.90005181371
1996, 7.863725532
1997, 8.62705002346
1998, 8.94895914948
1999, 8.42706879514
2000, 7.31207917151
2001, 6.86180660471
2002, 6.86181123826
2003, 7.16316827253
2004, 6.36995112101
2005, 5.27515820695
2006, 4.96339125938
2007, 4.98326840749
2008, 5.03358744158
2009, 5.03382490359
2010, 5.17446279466
2011, 5.05392709707
2012, 6.10018270521
2013, 9.29723429403
2014, 9.96071434118
2015, 10.6641643164
2016, 11.9216901652
2017, 12.4443269649
2018, 14.5446750423
2019, 17.2699243541
2020, 17.9233981937
2021, 17.9722145248
2022, 16.7958202868
2023, 13.3672009673
2024, 12.8645143799
2025, 11.8998304726
2026, 10.1398312387
2027, 8.85419531864
2028, 7.07440663362
2029, 6.26646979176
2030, 5.38286787217
2031, 4.91121943608
2032, 5.28325841193
2033, 6.08690802071
2034, 7.74342882192
2035, 8.47642970306
2036, 8.7177223842
2037, 9.13992487298
2038, 9.13004743659
2039, 7.16141612529
2040, 7.73344511871
2041, 9.92244078508
2042, 11.5996474875
2043, 12.0820222991
2044, 13.1768261959
2045, 16.6617560087
2046, 18.9938876076
2047, 21.9968354003
2048, 25.9259702177
2049, 30.5863416685
2050, 32.274033025
2051, 31.774552361
2052, 32.7611254945
2053, 34.0988186142
2054, 34.0900406615
2055, 31.7196251461
2056, 29.4485132788
2057, 26.6365885536
2058, 22.0748990019
2059, 17.3038718998
2060, 14.4309192671
2061, 12.8116457133
2062, 11.4250975886
2063, 11.9586265023
2064, 10.068861554
2065, 8.46268829668
2066, 8.03161282648
2067, 7.78078585661
2068, 8.33448515225
2069, 8.38424720051
2070, 8.57505371623
2071, 8.29401800733
2072, 7.93019812387
2073, 5.69636227116
2074, 5.72643259529
2075, 6.08825123936
2076, 6.2292966192
2077, 5.93820589949
2078, 7.81561785356
2079, 8.59893160046
2080, 9.40242923155
2081, 10.6901608847
2082, 10.0178901247
2083, 9.93744551511
2084, 9.55564828761
2085, 10.3187719553
2086, 11.2827262407
2087, 12.789081589
2088, 12.4555214709
2089, 12.9379432748
2090, 12.5366619388
2091, 11.8520116171
2092, 11.8521506571
2093, 11.0385166376
2094, 10.3854546447
2095, 9.96328675262
2096, 9.01913901857
2097, 8.1953419157
2098, 6.83940629051
2099, 6.72897611795
2100, 7.94403004556
2101, 8.53674055819
2102, 9.84244512231
2103, 10.4455383559
2104, 11.3115473398
2105, 11.7130931713
2106, 12.0144504354
2107, 12.0041975985
2108, 12.5363068754
2109, 12.6367350488
2110, 11.4115081814
2111, 11.3110558719
2112, 11.2005208012
2113, 12.3172154518
2114, 13.6708294872
2115, 17.4303063541
2116, 20.7066409389
2117, 22.0351656566
2118, 25.3094541925
2119, 26.6662653259
2120, 29.3798922673
2121, 30.344009385
2122, 31.3304999675
2123, 31.3888669404
2124, 31.069301522
2125, 29.6384494748
2126, 27.2162068584
2127, 25.7783763747
2128, 25.0445202437
2129, 24.6229069764
2130, 22.1503162805
2131, 20.2323350017
2132, 18.2021701135
2133, 17.7698238958
2134, 17.1141808608
2135, 14.4925426114
2136, 13.4785199184
2137, 12.7860154515
2138, 8.96954279189
2139, 7.51281012697
2140, 6.92001755893
2141, 7.32353895422
2142, 6.69098520513
2143, 8.5483701661
2144, 8.22715106369
2145, 8.07677936608
2146, 7.92665195033
2147, 8.37113500014
2148, 11.9153251218
2149, 15.2486516214
2150, 15.7615894924
2151, 15.6903268829
2152, 15.7920239846
2153, 13.1405810433
2154, 12.8281790507
2155, 13.31945841
2156, 14.3638353958
2157, 15.386367586
2158, 12.3536223964
2159, 8.53748589948
2160, 7.95516481368
2161, 7.46301559713
2162, 7.40248376149
2163, 6.74948212746
2164, 6.10663471423
2165, 5.65632073347
2166, 5.37486382853
2167, 5.77628176788
2168, 6.85098924668
2169, 9.27147195295
2170, 10.4470930166
2171, 11.130680078
2172, 15.3742461322
2173, 16.0818769443
2174, 16.6043773796
2175, 16.4819568649
2176, 16.6650383119
2177, 15.6902176424
2178, 14.4344081202
2179, 12.3555543988
2180, 11.3915700907
2181, 12.2769986202
2182, 9.13722847666
2183, 10.1676487474
2184, 9.84676473465
2185, 10.3591454652
2186, 11.0398959764
2187, 11.1302729987
2188, 13.0902571214
2189, 16.4924070942
2190, 18.8931246201
2191, 21.6126661027
2192, 22.6580870773
2193, 22.2795045311
2194, 23.4768951356
2195, 22.4527248795
2196, 20.4939671839
2197, 19.4288694746
2198, 17.4178290118
2199, 14.4564634139
2200, 12.0157592958
2201, 7.92820831499
2202, 5.99004330062
2203, 4.85338703762
2204, 4.21031388185
2205, 4.68211290254
2206, 5.13414325466
2207, 5.34523100329
2208, 5.12447512289
2209, 4.09003560578
2210, 4.16010780001
2211, 4.87287665829
2212, 4.5817589962
2213, 5.32491591509
2214, 6.20859638017
2215, 5.72881616012
2216, 5.97183318927
2217, 7.6810413795
2218, 10.9748349945
2219, 12.6018510759
2220, 16.8818506681
2221, 16.8128603136
2222, 17.1655030191
2223, 16.8643752795
2224, 15.9484731165
2225, 15.8152821957
2226, 15.9832534087
2227, 14.5671468915
2228, 11.2027122894
2229, 9.39495392687
2230, 4.63238567235
2231, 3.68823217966
2232, 3.25617239216
2233, 3.12536934961
2234, 2.99467458881
2235, 4.86431976293
2236, 6.12156017666
2237, 8.96170803907
2238, 11.2118555607
2239, 13.622885451
2240, 14.7284407121
2241, 15.5625617062
2242, 16.5668053387
2243, 16.887908887
2244, 17.0984807975
2245, 15.7705462298
2246, 14.6637124094
2247, 12.6247168897
2248, 11.2908894899
2249, 9.27236383776
2250, 8.31850491314
2251, 7.7380697644
2252, 8.83213362711
2253, 11.020804159
2254, 13.1698210175
2255, 15.933866079
2256, 17.4050920305
2257, 18.2394800896
2258, 19.3826747201
2259, 21.6582658098
2260, 23.1667128637
2261, 24.1791524113
2262, 24.1489101444
2263, 22.7026820356
2264, 20.9790619598
2265, 18.1147594763
2266, 16.5943411624
2267, 15.7605136197
2268, 15.6193744417
2269, 13.7755496599
2270, 13.7635268537
2271, 12.9003181427
2272, 11.6851901908
2273, 10.7911518763
2274, 10.1041878149
2275, 10.2546148125
2276, 10.4151094231
2277, 9.15993078551
2278, 7.13126810748
2279, 6.35802661601
2280, 5.1727328721
2281, 6.57810212337
2282, 7.76477584435
2283, 9.05235340088
2284, 9.56518000096
2285, 11.8169777616
2286, 11.5081814863
2287, 13.5488022662
2288, 14.3223289607
2289, 15.6301545216
2290, 15.3389663591
2291, 13.6015143642
2292, 11.6309075149
2293, 9.67028925406
2294, 8.64559099344
2295, 5.63033248175
2296, 5.3188349326
2297, 4.48295218636
2298, 4.65367789665
2299, 5.83039167814
2300, 8.61233198814
2301, 10.5310795643
2302, 13.3654476884
2303, 15.8767743628
2304, 18.7393070716
2305, 22.3646434454
2306, 23.1466957642
2307, 22.8057578179
2308, 23.1473861989
2309, 23.3136544648
2310, 21.7061654358
2311, 20.0892623429
2312, 19.8158986362
2313, 17.3459188779
2314, 14.9655368344
2315, 12.3337345116
2316, 11.2292841727
2317, 12.6545811732
2318, 15.5681619087
2319, 14.9197058498
2320, 14.9223381728
2321, 14.9938402283
2322, 13.1062588432
2323, 13.5979151557
2324, 14.018978362
2325, 15.1250353753
2326, 16.994879065
2327, 15.3682923232
2328, 11.5402588612
2329, 10.4257240322
2330, 9.54994574066
2331, 10.1017893503
2332, 10.0413277663
2333, 10.171996741
2334, 9.58962804696
2335, 8.80405416746
2336, 8.0988770327
2337, 7.85797745892
2338, 9.3240989609
2339, 8.99914927413
2340, 8.64795976032
2341, 8.75816777921
2342, 9.93298925338
2343, 14.8328022853
2344, 20.3799258497
2345, 29.2613583112
2346, 30.7300684089
2347, 33.3336328416
2348, 35.3735002586
2349, 39.5534422689
2350, 40.1052829023
2351, 39.2414153897
2352, 37.3840718088
2353, 31.7997766692
2354, 25.9694072013
2355, 16.3849077187
2356, 14.6069051035
2357, 12.7286564475
2358, 11.1515720519
2359, 10.1167131538
2360, 11.9248709468
2361, 16.1731464496
2362, 19.8094120935
2363, 23.2549255946
2364, 26.6798995742
2365, 27.5826835361
2366, 27.1714685755
2367, 26.2475559034
2368, 28.4476216182
2369, 25.151170496
2370, 22.720758402
2371, 20.2820672806
2372, 17.099091091
2373, 14.1960110502
2374, 13.5420490369
2375, 12.648789353
2376, 13.2413421786
2377, 16.2156950775
2378, 15.4603707543
2379, 16.5855239144
2380, 16.646666976
2381, 16.3740480939
2382, 18.3141160538
2383, 19.9302869912
2384, 20.2810023797
2385, 21.2257940062
2386, 22.7848203987
2387, 22.2324311474
2388, 20.0853820421
2389, 21.892695282
2390, 23.0481721534
2391, 24.8656826339
2392, 23.9820637577
2393, 22.1649244856
2394, 21.1400842606
2395, 21.0698205621
2396, 22.4848113109
2397, 24.0607917253
2398, 23.54782619
2399, 22.393401523
2400, 23.6995179453
2401, 21.6508015452
2402, 21.9594110774
2403, 25.5663105585
2404, 26.5526363507
2405, 26.5650277946
2406, 24.8056585882
2407, 23.8597378328
2408, 23.1973989392
2409, 21.248951744
2410, 18.9009884945
2411, 17.344362593
2412, 15.5057034565
2413, 12.2087908841
2414, 10.4889851199
2415, 10.5289336184
2416, 11.2736950231
2417, 9.41619060597
2418, 13.465404372
2419, 17.4446108686
2420, 19.8638320924
2421, 22.2245389025
2422, 25.9409286202
2423, 27.0261474777
2424, 26.3130615209
2425, 27.308871558
2426, 24.9168629587
2427, 23.9726169307
2428, 20.1557910153
2429, 16.7390953696
2430, 14.3485737991
2431, 12.610712692
2432, 9.92894400707
2433, 8.83424014737
2434, 9.19564683521
2435, 8.56873407961
2436, 11.239858209
2437, 13.469492782
2438, 15.948422833
2439, 19.3332590288
2440, 23.7827109381
2441, 26.4465895237
2442, 29.3895341342
2443, 32.1539990759
2444, 34.7252008952
2445, 34.8760032656
2446, 33.7009977821
2447, 34.6787402907
2448, 33.5941048004
2449, 32.9406316248
2450, 29.0764450211
2451, 26.1425723891
2452, 24.2840300272
2453, 21.0983649881
2454, 17.8739823475
2455, 16.1863705801
2456, 14.1578415675
2457, 10.8693292595
2458, 8.86049242188
2459, 5.48590216391
2460, 4.71056623688
2461, 5.08200581515
2462, 3.96690999727
2463, 5.73421035436
2464, 5.87514891386
2465, 5.46394836982
2466, 5.88599363691
2467, 6.39816689828
2468, 8.87804892789
2469, 9.16936343198
2470, 9.2703656857
2471, 8.64818434676
2472, 9.32089017542
2473, 8.97871853487
2474, 10.0830712783
2475, 13.1561641415
2476, 12.8960535413
2477, 13.0792344358
2478, 11.3920889917
2479, 11.9244197593
2480, 12.5165396667
2481, 12.7475149477
2482, 12.0343766888
2483, 11.6625650754
2484, 10.608016832
2485, 7.89632777823
2486, 8.19971220225
2487, 7.63536177184
2488, 7.74553938325
2489, 9.09077515345
2490, 9.32200184215
2491, 11.2402134143
2492, 12.9174878195
2493, 14.0426375686
2494, 14.595374052
2495, 22.0361393722
2496, 27.7686463354
2497, 29.1980627365
2498, 30.2458245786
2499, 29.5646199944
2500, 31.8178159677
2501, 32.5311700629
2502, 32.7272608619
2503, 32.498622999
2504, 32.720346924
2505, 28.0517936739
2506, 24.3272808861
2507, 26.9015731455
2508, 25.2332350397
2509, 25.346258061
2510, 22.8219252847
2511, 19.9396542077
2512, 17.1710977218
2513, 15.1902064765
2514, 13.8040991229
2515, 10.7184187095
2516, 8.01465492009
2517, 3.99113654116
2518, 4.25216103125
2519, 3.41643305281
2520, 2.71366350604
2521, 2.67181453319
2522, 3.27439443867
2523, 4.18400978162
2524, 4.35471070019
2525, 4.32471941782
2526, 4.55594755645
2527, 6.11418423927
2528, 8.56400977805
2529, 9.17674030143
2530, 10.4328012754
2531, 11.3376208133
2532, 11.2979277432
2533, 10.2171723529
2534, 10.7088538112
2535, 11.301178897
2536, 11.9336407143
2537, 10.7885099349
2538, 8.76982099183
2539, 8.6693575783
2540, 10.2357582794
2541, 10.9490489261
2542, 13.0882378261
2543, 15.7338408631
2544, 16.718708108
2545, 20.4040489336
2546, 24.1017043931
2547, 27.8799147282
2548, 28.1942574448
2549, 26.7094392512
2550, 24.6911716482
2551, 25.063905274
2552, 24.2490214113
2553, 22.4869926212
2554, 23.3125239156
2555, 21.6756395759
2556, 19.0323275546
2557, 17.2964420609
2558, 16.4918775125
2559, 16.7536547236
2560, 15.910099131
2561, 14.2005320545
2562, 12.2414572383
2563, 11.3371197326
2564, 8.85435699161
2565, 6.23302558044
2566, 4.8167097913
2567, 1.81779823586
2568, 1.27553508346
2569, 1.61692665354
2570, 5.67548916856
2571, 5.68598067822
2572, 6.75092149638
2573, 7.65547959391
2574, 7.84713092209
2575, 9.57374322535
2576, 10.1257059433
2577, 10.8791407023
2578, 11.1304469266
2579, 11.160844085
2580, 8.80825676769
2581, 10.3645157637
2582, 11.2481414755
2583, 12.1542429392
2584, 15.5608887466
2585, 21.0033770761
2586, 22.0588385035
2587, 24.6707554573
2588, 26.3694272462
2589, 27.3545884381
2590, 29.3237147793
2591, 30.6144766722
2592, 37.6329813219
2593, 37.4855493195
2594, 34.5326725798
2595, 27.9251883824
2596, 26.5900020981
2597, 25.8165426373
2598, 26.8291274259
2599, 27.3816445843
2600, 26.0141576125
2601, 23.5887971879
2602, 15.8776423119
2603, 15.4516162299
2604, 14.8390065666
2605, 14.4169599454
2606, 13.6134655685
2607, 11.0101497188
2608, 8.06708338588
2609, 7.6345750323
2610, 8.95143559775
2611, 8.69090719129
2612, 7.53475711073
2613, 6.32037575095
2614, 6.27055396973
2615, 6.20950855139
2616, 8.64880027215
2617, 8.6290165034
2618, 9.01094311737
2619, 13.8323786359
2620, 10.7180304031
2621, 10.8791946409
2622, 10.9904631618
2623, 11.7346666968
2624, 13.9849770053
2625, 15.5708526683
2626, 15.4903650913
2627, 18.4472238966
2628, 25.5069063011
2629, 25.7173510877
2630, 29.6171261546
2631, 30.2219220421
2632, 31.6699339138
2633, 32.83495542
2634, 33.8657237801
2635, 34.2964907246
2636, 32.2179341114
2637, 29.5933116302
2638, 22.502868956
2639, 17.8698848847
2640, 15.5568914013
2641, 18.6594544652
2642, 20.6301328458
2643, 19.928430161
2644, 19.4587830821
2645, 17.6419337919
2646, 17.3910448665
2647, 17.410498486
2648, 20.6171587238
2649, 18.9999969096
2650, 16.8810178155
2651, 12.5227486661
2652, 8.89563337439
2653, 7.70994595647
2654, 5.43736814682
2655, 5.58791268075
2656, 6.48169613949
2657, 6.70279777649
2658, 5.42299331641
2659, 5.64424240057
2660, 6.20702893949
2661, 6.38816560954
2662, 9.54128788305
2663, 11.840792443
2664, 12.2728089526
2665, 12.4541976803
2666, 14.8746911718
2667, 14.3228477318
2668, 13.1573205367
2669, 14.071079388
2670, 14.9752656788
2671, 14.8949036879
2672, 11.8919816134
2673, 9.89554423264
2674, 9.62406560928
2675, 9.36254255793
2676, 7.41366937245
2677, 8.86995821188
2678, 8.6492386983
2679, 6.98244911512
2680, 5.78761137466
2681, 7.30385278966
2682, 7.22344462248
2683, 6.87990423046
2684, 6.17703541065
2685, 5.85587263628
2686, 4.53988600041
2687, 3.62552577976
2688, 3.19360645226
2689, 3.72594261718
2690, 4.65988299166
2691, 3.53520345177
2692, 4.04754697512
2693, 4.14820264725
2694, 5.43361916527
2695, 8.82740791678
2696, 9.38012405782
2697, 10.4449097836
2698, 11.5702885636
2699, 12.5449653721
2700, 12.1229413672
2701, 12.8961538276
2702, 14.3844193883
2703, 14.3565937018
2704, 13.422610091
2705, 10.3494105629
2706, 11.2730948528
2707, 10.1177753737
2708, 10.5511244438
2709, 9.47890842199
2710, 8.71616647777
2711, 7.46086266422
2712, 5.40002127932
2713, 5.33746428531
2714, 5.06591090469
2715, 5.63808881262
2716, 4.85463166981
2717, 5.37687877365
2718, 3.79831184089
2719, 4.44930595393
2720, 5.2829967796
2721, 6.26720375786
2722, 9.67120219555
2723, 12.4129818972
2724, 15.8778836497
2725, 19.0115408738
2726, 19.284154226
2727, 19.5278219455
2728, 19.3575589353
2729, 18.4536613288
2730, 18.7940711591
2731, 20.9823406198
2732, 20.2225800067
2733, 17.6842968405
2734, 14.1700877593
2735, 10.0931118094
2736, 9.13872123143
2737, 8.17165600772
2738, 7.88004471328
2739, 8.90420472564
2740, 9.10491442152
2741, 6.76489622588
2742, 5.86894466175
2743, 6.41179127968
2744, 8.05894475798
2745, 9.96699581896
2746, 11.9575526494
2747, 15.2111865963
2748, 19.2524531078
2749, 22.1671766068
2750, 25.8129767765
2751, 26.6981451647
2752, 28.0564595133
2753, 27.4427168925
2754, 25.8159700204
2755, 25.3127387162
2756, 24.928310953
2757, 22.1056387923
2758, 18.3253318531
2759, 14.2161584515
2760, 9.17446951198
2761, 7.4466476215
2762, 4.56981728016
2763, 4.54959702183
2764, 5.19218124729
2765, 4.25818240683
2766, 2.99282095761
2767, 3.2538898466
2768, 4.58953842337
2769, 5.33291246793
2770, 7.78517659579
2771, 11.7519256681
2772, 13.5903318128
2773, 18.0110814811
2774, 18.3638921773
2775, 18.4754492272
2776, 18.0639185052
2777, 17.1299307933
2778, 15.5623897436
2779, 14.9791194531
2780, 12.7472427631
2781, 8.81014568245
2782, 6.76133016719
2783, 2.19962877684
2784, 1.17518827499
2785, 0.602643493745
2786, 0.572484739244
2787, 0.612640691056
2788, 1.80946527508
2789, 3.28556922419
2790, 4.32007121962
2791, 4.64393806935
2792, 5.94987306149
2793, 6.37205717213
2794, 7.66734791516
2795, 10.9606858229
2796, 12.4373245252
2797, 15.3316922055
2798, 19.4289660808
2799, 21.4482466201
2800, 22.6197712257
2801, 22.4484054688
2802, 21.3044888509
2803, 21.8061425231
2804, 22.156380811
2805, 19.4038346303
2806, 19.1324867226
2807, 16.4293540325
2808, 13.1831054056
2809, 10.1700634569
2810, 8.51701911563
2811, 10.8466676654
2812, 11.5702123585
2813, 12.0923850991
2814, 11.7509500911
2815, 16.2717567936
2816, 17.0452659714
2817, 16.8653808249
2818, 14.7872844913
2819, 14.6673272512
2820, 15.218751783
2821, 14.1247769536
2822, 15.7111298941
2823, 15.5007364082
2824, 14.8486105587
2825, 10.9901177494
2826, 9.7248299208
2827, 10.3994611359
2828, 12.4075367421
2829, 12.4780898551
2830, 14.2491219027
2831, 16.0948318996
2832, 16.928525172
2833, 18.5798451604
2834, 19.2658601241
2835, 18.5957884518
2836, 17.9030407629
2837, 17.1676535247
2838, 15.1683595011
2839, 14.8965945123
2840, 15.6747255633
2841, 13.465365005
2842, 11.3666680699
2843, 9.33460240065
2844, 9.10230313058
2845, 8.97964680482
2846, 9.66219580491
2847, 10.1241794882
2848, 12.4838548665
2849, 15.5464104325
2850, 13.859169074
2851, 16.6029469193
2852, 22.608432389
2853, 27.3030527231
2854, 29.6559833381
2855, 29.3467169986
2856, 28.6653587937
2857, 28.2131643947
2858, 25.861612811
2859, 22.7367320296
2860, 20.8179534914
2861, 17.0297270827
2862, 9.81852036737
2863, 4.28063691526
2864, 0.803603354335
2865, 0.74324431853
2866, 1.09463342795
2867, 1.40594511098
2868, 1.39600704113
2869, 1.22535489266
2870, 1.15510631002
2871, 1.57683648876
2872, 2.75157481001
2873, 5.91457515109
2874, 8.49570540737
2875, 10.6955952779
2876, 12.4638857227
2877, 16.0093671731
2878, 20.5988202177
2879, 24.808742345
2880, 25.603343535
2881, 25.2532212783
2882, 24.299649655
2883, 21.3765053567
2884, 18.9146916182
2885, 16.6542363221
2886, 14.5952854094
2887, 10.9695600131
2888, 7.19295183089
2889, 3.95675464609
2890, 3.54509226376
2891, 6.50938467895
2892, 11.3496146785
2893, 14.5255533453
2894, 16.8583553636
2895, 20.6274040154
2896, 23.7737104986
2897, 27.4832264641
2898, 27.1523150257
2899, 26.8114925241
2900, 27.3539058631
2901, 24.4994656869
2902, 19.4066793588
2903, 15.9996204258
2904, 13.5571486686
2905, 9.77855544101
2906, 6.78333637575
2907, 2.91256960024
2908, 3.98683212457
2909, 5.3845083443
2910, 6.09758246195
2911, 7.15253967623
2912, 10.296212473
2913, 12.7370389739
2914, 13.8622549216
2915, 13.8728722886
2916, 14.0541208262
2917, 15.2408374933
2918, 14.306172996
2919, 12.2249687843
2920, 10.4274200709
2921, 9.20240086088
2922, 6.30962896698
2923, 4.17000320315
2924, 3.06521159708
2925, 3.08538336264
2926, 3.57734994291
2927, 5.40252837487
2928, 8.11378390507
2929, 10.2453318694
2930, 12.1042025804
2931, 12.0955802101
2932, 12.0156840702
2933, 12.167839572
2934, 12.4384960303
2935, 12.4480821076
2936, 11.604313089
2937, 8.55118709462
2938, 5.21669372275
2939, 3.06530622121
2940, 1.4883580239
2941, 3.12700802277
2942, 3.56900437708
2943, 3.81826284659
2944, 4.63392580537
2945, 5.88954933401
2946, 6.52231858426
2947, 6.70325165991
2948, 7.498753516
2949, 7.94071919843
2950, 7.71970047386
2951, 6.08055410366
2952, 5.62863543979
2953, 4.92554443883
2954, 3.80858075575
2955, 2.75388029804
2956, 2.49266894308
2957, 2.55489973437
2958, 2.13108933672
2959, 3.17537472001
2960, 4.61147461585
2961, 6.04770745242
2962, 7.3555144523
2963, 9.17562230228
2964, 9.55779519119
2965, 9.33712937509
2966, 9.04594160019
2967, 9.04381716494
2968, 8.98310021336
2969, 7.8980619421
2970, 6.97601041195
2971, 5.62033107362
2972, 4.21238336507
2973, 2.57331976304
2974, 3.12547481394
2975, 3.31626072774
2976, 3.48700853368
2977, 3.99922481141
2978, 3.76849711065
2979, 11.0266902237
2980, 11.0266902237
2981, 11.0266902237
2982, 11.0266902237
2983, 11.0266902237
2984, 11.0266902237
