0, 37.2591969353
1, 37.2591969353
2, 37.2591969353
3, 37.2591969353
4, 37.2591969353
5, 0.461989205788
6, 0.492122495294
7, 0.401741381657
8, 0.391724191643
9, 0.411803019466
10, 0.421830539605
11, 0.431864485356
12, 0.652769126916
13, 7.40013337538
14, 7.34081544715
15, 7.34178514092
16, 55.9167675294
17, 56.3460505204
18, 56.3921177034
19, 58.1054297246
20, 58.1235824071
21, 58.126212213
22, 57.9182306557
23, 51.2397848892
24, 51.2599461181
25, 52.2038035737
26, 3.57537217383
27, 3.21393553695
28, 3.17392312291
29, 1.47668642153
30, 1.54681182625
31, 1.59688804794
32, 1.60695797572
33, 1.52665598326
34, 1.5367251583
35, 0.672922681494
36, 1.14483219753
37, 1.22519976723
38, 1.25543449998
39, 1.48646788304
40, 1.37610004298
41, 1.52665819506
42, 1.58688136098
43, 1.70744673321
44, 2.12916629097
45, 4.80002195991
46, 7.41089062185
47, 8.0844167375
48, 8.1155513984
49, 8.23690657076
50, 8.40776087649
51, 8.58773087536
52, 12.3444660935
53, 15.6082075375
54, 16.8541807818
55, 14.2741901208
56, 11.4732492463
57, 10.981198921
58, 11.8539931228
59, 11.491909088
60, 11.8633549773
61, 13.8615739638
62, 10.1238272003
63, 8.39612081363
64, 12.8240893808
65, 14.6126317821
66, 15.2561059393
67, 15.8596696594
68, 15.8205137016
69, 16.2919162004
70, 15.788984308
71, 13.5592107885
72, 13.5792924104
73, 14.3016417628
74, 8.97845674567
75, 8.0846651691
76, 8.24566816634
77, 7.65375268974
78, 6.82021879506
79, 6.40831164182
80, 7.2516777306
81, 8.24552413489
82, 8.13516146514
83, 6.08645096366
84, 5.77531162559
85, 5.26303646005
86, 4.41918661884
87, 4.18821512272
88, 4.14821671552
89, 4.12814069071
90, 3.27432706184
91, 2.09913234999
92, 3.47665435221
93, 4.65151602367
94, 4.82245947037
95, 4.96336326279
96, 4.83340735927
97, 5.28543562285
98, 5.92789243068
99, 6.44996268392
100, 6.69100608722
101, 6.99243064915
102, 6.03636646248
103, 6.2769421108
104, 6.42953573112
105, 6.18868082051
106, 6.54051439729
107, 6.01865649505
108, 5.99832050193
109, 6.52010795914
110, 7.25510799708
111, 8.26939261877
112, 8.3802297078
113, 7.00466882745
114, 6.81189377719
115, 6.59095020158
116, 7.71528788929
117, 7.95836279581
118, 7.69740566995
119, 7.57682232541
120, 6.96242146883
121, 5.9880988444
122, 5.81730581816
123, 6.15882136972
124, 6.70089350904
125, 7.56446885757
126, 7.37559222332
127, 8.19739485744
128, 10.8907049673
129, 10.7003117411
130, 10.6706598958
131, 11.2533402416
132, 11.5749548751
133, 12.1889902483
134, 11.7668437478
135, 11.1042149777
136, 10.0880307869
137, 9.36498786025
138, 6.33985415113
139, 14.1430218018
140, 15.2103144511
141, 15.1511710658
142, 16.0059519066
143, 17.1500720936
144, 18.3643069828
145, 19.7592478312
146, 21.962864976
147, 24.783021862
148, 27.1936021079
149, 19.4686560124
150, 18.0814458019
151, 17.9931622763
152, 18.313781777
153, 18.840808129
154, 18.0975317699
155, 16.7725349909
156, 15.2324830846
157, 12.9649640041
158, 10.9559056861
159, 10.1019955221
160, 10.6643825138
161, 10.1100300011
162, 8.24183247075
163, 5.36332132772
164, 4.81083580322
165, 4.55968466158
166, 4.42890425633
167, 5.29237200062
168, 5.29274982339
169, 5.2529595477
170, 5.25313339658
171, 6.02644663203
172, 7.06048795204
173, 9.60276807123
174, 10.2257996503
175, 11.5016601918
176, 11.8133791388
177, 11.4219510025
178, 12.8177054523
179, 14.4445856231
180, 14.6155718756
181, 14.1036420591
182, 13.7843785763
183, 12.0848097902
184, 11.2108110682
185, 10.1460869457
186, 9.89493616141
187, 9.13168091854
188, 7.38418551617
189, 6.07049143025
190, 6.21100710706
191, 5.99003424012
192, 5.98783418124
193, 6.47975180457
194, 6.95197527937
195, 6.83162343138
196, 6.90196086426
197, 7.31384577765
198, 8.30800268908
199, 9.76199180236
200, 11.8847936739
201, 13.783166138
202, 14.3982723566
203, 15.0313217003
204, 15.3833362223
205, 15.7750785731
206, 15.726579616
207, 15.1441684199
208, 14.0996521586
209, 13.0045744947
210, 10.8229206299
211, 9.36645061275
212, 8.58103384156
213, 7.43616138208
214, 6.82366473358
215, 6.8737928084
216, 6.00822051673
217, 5.82753924119
218, 7.02242887736
219, 6.98417849825
220, 7.03225945339
221, 7.42394840204
222, 7.50463479728
223, 6.90217245519
224, 7.10296630763
225, 7.88608280767
226, 8.34810608421
227, 9.41256228153
228, 17.1619023383
229, 17.723594339
230, 18.738803584
231, 19.6257127459
232, 20.5932832628
233, 21.225109302
234, 20.5114170295
235, 18.964994596
236, 18.7940291706
237, 18.4740596417
238, 10.3003441084
239, 11.695822865
240, 10.9228111601
241, 9.4851812359
242, 8.70009702297
243, 7.87697447268
244, 8.15795515737
245, 9.15167549854
246, 9.58342240241
247, 9.30015786571
248, 9.73199158118
249, 7.85414525493
250, 7.00065212817
251, 7.3922168353
252, 8.66737837159
253, 9.99298302064
254, 12.9552372497
255, 28.5610281464
256, 41.5400489618
257, 42.6186917219
258, 44.1392026526
259, 44.9770204886
260, 45.5712583397
261, 53.1017869042
262, 53.6229759663
263, 53.0316116183
264, 49.9295370339
265, 34.0499944494
266, 21.741673574
267, 20.8965399431
268, 18.9780076773
269, 18.3555487369
270, 18.4643006881
271, 14.2730783877
272, 11.6523347376
273, 10.9599189433
274, 11.2616422648
275, 12.6776377356
276, 11.84339789
277, 11.5819361256
278, 13.1486607156
279, 12.9784986421
280, 12.3057343449
281, 9.61177726724
282, 11.540149713
283, 12.1828858366
284, 13.9902540542
285, 12.5947811454
286, 14.1514799757
287, 17.2862830726
288, 17.4672123896
289, 18.5221501959
290, 20.3806709668
291, 20.1403356499
292, 19.6279472993
293, 20.3807953882
294, 19.2157120691
295, 19.5671385364
296, 18.9643336808
297, 15.8088931031
298, 14.051295807
299, 13.0871057309
300, 12.2734270912
301, 11.028117727
302, 9.63218966777
303, 8.41695313277
304, 7.45274297328
305, 7.01037722204
306, 6.57812167772
307, 6.74894107013
308, 6.929816701
309, 7.24130250367
310, 7.19112945637
311, 7.49265456981
312, 8.38849918906
313, 10.0654692431
314, 10.8991313926
315, 12.314912987
316, 13.6505902349
317, 15.1875172531
318, 15.9410010014
319, 17.3471951474
320, 18.2031263467
321, 19.137393512
322, 20.7320572124
323, 20.3706505965
324, 20.8366684882
325, 20.5150731311
326, 19.3904047747
327, 18.1952381892
328, 17.2310896373
329, 15.8450473346
330, 15.1799769224
331, 14.3765491118
332, 11.9863538326
333, 10.7510877786
334, 9.52183220394
335, 7.75394115584
336, 6.84970411362
337, 7.86354096542
338, 8.02431513164
339, 8.06456047078
340, 7.35189966041
341, 8.39664556202
342, 8.85872134657
343, 11.0475874007
344, 11.4515660834
345, 12.2050981414
346, 16.1111126034
347, 18.7339785362
348, 22.6405180686
349, 26.0576102562
350, 28.1684672963
351, 30.7401854409
352, 36.0946776647
353, 37.2998761747
354, 40.0719548577
355, 41.8604734656
356, 40.1435759753
357, 37.5299595067
358, 35.1089375978
359, 32.9090634194
360, 32.1256310166
361, 29.604818366
362, 26.0272088138
363, 24.0506313922
364, 22.060011745
365, 21.3668343334
366, 20.6537364159
367, 19.2277798262
368, 18.2333333286
369, 17.239044513
370, 16.3853121881
371, 14.8588072142
372, 12.7799475436
373, 11.1208665716
374, 9.73470091144
375, 7.92654182183
376, 7.99615216665
377, 8.58861032333
378, 8.16084678326
379, 7.96829585699
380, 10.5391543127
381, 11.2025405148
382, 12.6688682164
383, 12.6896576352
384, 13.5738835238
385, 18.7545810543
386, 19.9613077059
387, 23.2873450954
388, 26.829227063
389, 29.484025737
390, 29.142922008
391, 32.5214640223
392, 32.3715147312
393, 33.0065731076
394, 34.9143076415
395, 32.9551768711
396, 32.4503326411
397, 30.1582915223
398, 31.9614941429
399, 31.5081677417
400, 30.0525128614
401, 29.2955046958
402, 29.2865241896
403, 31.0737384574
404, 32.6109977887
405, 31.2273629607
406, 31.8900027155
407, 31.4385860497
408, 27.2369349798
409, 24.0132040092
410, 22.0549313569
411, 18.8307846437
412, 17.6752838019
413, 15.3125163357
414, 13.6222513914
415, 12.9575114582
416, 10.0554073207
417, 9.29235618214
418, 10.1157653852
419, 10.4474240442
420, 12.4054854579
421, 15.4485039286
422, 19.4556397385
423, 29.4588200631
424, 37.0008146201
425, 42.9741744177
426, 52.0706010633
427, 54.8176806354
428, 56.359381483
429, 64.6754676399
430, 67.4092477394
431, 65.6419110621
432, 61.8763958446
433, 60.077336295
434, 55.5562355452
435, 52.8816153683
436, 50.7381714485
437, 49.5659173622
438, 47.7951305122
439, 42.610044828
440, 39.1436435669
441, 39.8759485526
442, 41.281472912
443, 37.8236415449
444, 33.6857818431
445, 30.4683677819
446, 23.9287461401
447, 21.2759607472
448, 18.5215878483
449, 16.310942564
450, 15.4972356403
451, 13.5186085822
452, 11.5301586458
453, 8.13529933387
454, 6.7794665706
455, 5.66456588104
456, 5.92756154032
457, 10.0747504018
458, 10.6275491933
459, 9.65378731098
460, 11.3012307097
461, 15.3906122772
462, 21.9190850614
463, 23.1346988078
464, 26.0706624764
465, 33.4323863897
466, 35.7633922913
467, 36.2569201523
468, 40.5776123967
469, 43.6019333236
470, 42.57800395
471, 42.0832845835
472, 38.2446745217
473, 38.474985481
474, 37.5606798462
475, 33.495224822
476, 32.5293800047
477, 29.7775485059
478, 26.97739812
479, 25.4609529712
480, 26.4249620931
481, 26.0345457209
482, 24.7492816391
483, 23.2851731544
484, 22.1084717558
485, 18.7825398976
486, 16.3819157749
487, 15.0838516107
488, 13.0409394024
489, 11.0320029471
490, 9.0533611524
491, 7.19295759591
492, 6.05801095839
493, 6.93930559496
494, 6.76892081222
495, 6.85999445757
496, 10.4086067821
497, 15.1723642079
498, 29.0334060053
499, 35.2713538354
500, 39.83582825
501, 44.6707698198
502, 48.3186968975
503, 50.6274169904
504, 55.7798624525
505, 57.5384696625
506, 56.0985593915
507, 53.1318387855
508, 42.7524436253
509, 41.6761630906
510, 39.3743025832
511, 38.1368478821
512, 36.3601783501
513, 33.5908695992
514, 29.4608029983
515, 29.1495185811
516, 29.5846091714
517, 28.2888073175
518, 26.4107319179
519, 23.036085656
520, 21.780883557
521, 17.1006299686
522, 15.1522927834
523, 13.2923397625
524, 12.2975425671
525, 10.5799697799
526, 8.41649077156
527, 8.07490754186
528, 7.76346560047
529, 7.0603095067
530, 7.30136947756
531, 7.30183473306
532, 7.44274111458
533, 9.14976146067
534, 14.7965062699
535, 22.3479341307
536, 25.7957565333
537, 28.9067991423
538, 32.5340428477
539, 36.0596897954
540, 38.9031500022
541, 50.4827318846
542, 52.6439303535
543, 53.611376182
544, 48.9986277242
545, 44.2288324191
546, 43.114134141
547, 41.3412324483
548, 38.7299253011
549, 36.1389790898
550, 33.8813321111
551, 26.1287531887
552, 26.5705532105
553, 25.3538232789
554, 24.3099826235
555, 23.0449613534
556, 21.7952463904
557, 20.4368690625
558, 18.1972022999
559, 16.1787253112
560, 14.6581284613
561, 10.4556980143
562, 7.57288918944
563, 6.93981694375
564, 6.0160543546
565, 4.66023628074
566, 5.13379564671
567, 5.69823239491
568, 7.55606956475
569, 9.50857749515
570, 9.85090770376
571, 14.2191158462
572, 20.5474436159
573, 27.2817172038
574, 32.1134309688
575, 35.6607910393
576, 39.4963246991
577, 42.0779676775
578, 43.5358217159
579, 64.2296126547
580, 67.8498895924
581, 71.3764319647
582, 68.4750272972
583, 66.9956776505
584, 65.8789053422
585, 65.0937937803
586, 64.3698290847
587, 63.3475859712
588, 63.1747612825
589, 66.1284858555
590, 64.432611358
591, 57.7770911411
592, 55.6913569146
593, 52.9322937992
594, 49.915797923
595, 46.9999331322
596, 42.0789564889
597, 41.4922400946
598, 39.1014738696
599, 13.7092910024
600, 11.0582560411
601, 10.8877094993
602, 10.0739106771
603, 9.27339711021
604, 10.1672608569
605, 75.1186523878
606, 75.5696739581
607, 73.3697840682
608, 72.505744789
609, 73.4794538001
610, 76.4512176667
611, 76.4515971189
612, 83.2601013646
613, 91.2175004406
614, 90.7183813821
615, 28.7027592951
616, 30.623023502
617, 34.6907613071
618, 37.1313906503
619, 36.498581038
620, 33.6973278895
621, 32.9945468235
622, 26.6964178394
623, 19.3853347417
624, 21.2428264324
625, 20.6204892107
626, 18.3719970555
627, 15.8918259931
628, 14.6244510268
629, 14.9655472285
630, 36.050669464
631, 36.3749171793
632, 37.1628852616
633, 35.207288706
634, 34.0975844583
635, 41.0261535964
636, 42.008735626
637, 43.4256949694
638, 44.1602928667
639, 44.5958060571
640, 28.3872127071
641, 28.2264106192
642, 27.8128706476
643, 29.049996744
644, 29.4802560365
645, 20.7182057793
646, 19.9047200446
647, 17.2135108329
648, 15.77712962
649, 14.5393433158
650, 9.52345236597
651, 9.77433152161
652, 9.09119555325
653, 6.83946964624
654, 5.35300795273
655, 4.81106550331
656, 4.36927376939
657, 3.9875091122
658, 4.35886079577
659, 5.81470151649
660, 7.01175556003
661, 9.81336981852
662, 10.3161808025
663, 10.7789642084
664, 11.9742690765
665, 12.9991651567
666, 14.1939709898
667, 14.3947562599
668, 13.842690377
669, 12.7397811262
670, 11.6128037232
671, 11.4629216131
672, 10.7500141904
673, 10.8909363252
674, 9.75640531825
675, 9.35729192134
676, 10.2805190047
677, 14.7786753204
678, 19.6091245526
679, 23.4039342233
680, 23.677182374
681, 21.2360478033
682, 24.4714741603
683, 26.1096878375
684, 31.2399341543
685, 39.3737451274
686, 40.7113951832
687, 38.0214004333
688, 37.9737523418
689, 38.1487499683
690, 39.8655348293
691, 41.2108747503
692, 38.8013144933
693, 39.9336973065
694, 36.1265653641
695, 28.5219545831
696, 26.7945386841
697, 30.5398811944
698, 27.4145945447
699, 23.85561818
700, 22.0186609153
701, 20.0308669641
702, 19.2547083508
703, 16.0498427441
704, 13.9706904944
705, 13.9805442226
706, 12.9360735841
707, 7.79372961149
708, 6.73911527018
709, 7.10074402888
710, 6.92026463648
711, 6.52869443128
712, 6.7896664976
713, 7.95631164647
714, 10.1090123279
715, 10.6533544333
716, 11.3870216059
717, 12.3917860424
718, 12.994610644
719, 14.0789982859
720, 15.2842781466
721, 16.2286256036
722, 16.3191432707
723, 15.0218001334
724, 12.8584283446
725, 11.2995012315
726, 13.0199178545
727, 13.2927323971
728, 14.0861069701
729, 15.5524097852
730, 17.7826767739
731, 20.2736113835
732, 23.0375568217
733, 25.4486982511
734, 27.6386324277
735, 32.4488144473
736, 37.3506514038
737, 38.7552940928
738, 36.9189701989
739, 34.5902740598
740, 35.7549410167
741, 37.7453689229
742, 40.2242400173
743, 40.2997193867
744, 41.3860673237
745, 39.1674074083
746, 34.4908768074
747, 32.3914089306
748, 33.5763548774
749, 35.7452139816
750, 34.0576068854
751, 30.4378763008
752, 27.9748960283
753, 27.5096477683
754, 26.7062712966
755, 26.7060359331
756, 24.4870223348
757, 23.8043678712
758, 22.5389681071
759, 19.7566836937
760, 17.4079421209
761, 15.7303904873
762, 12.6166938653
763, 10.9093094336
764, 9.17170451496
765, 6.99220048814
766, 6.71094471766
767, 7.17294896888
768, 8.34789518637
769, 9.49265169362
770, 10.6357082198
771, 12.0822370792
772, 13.0064967247
773, 14.5431506933
774, 17.0173805005
775, 18.5441016775
776, 19.3579954491
777, 19.5192476551
778, 18.5053879709
779, 16.5870561105
780, 15.1504659076
781, 14.0452984338
782, 14.6811265234
783, 15.1224658221
784, 16.0942330098
785, 17.010611679
786, 18.9334576033
787, 21.0532097173
788, 23.8858758682
789, 27.8246786056
790, 31.7314092766
791, 36.1001467753
792, 42.5530010988
793, 43.5905529443
794, 39.4325644479
795, 37.9451281393
796, 37.884601111
797, 40.885015026
798, 48.6069971681
799, 48.0141671247
800, 50.2331597968
801, 48.0762492614
802, 42.3765654641
803, 41.6802970828
804, 45.3171068159
805, 51.0301917547
806, 51.7191200085
807, 48.5663916679
808, 42.9623670861
809, 44.0999585696
810, 42.3178182609
811, 46.8401625895
812, 47.3495111074
813, 48.6575654895
814, 44.9810733999
815, 38.594063607
816, 35.198595233
817, 33.0081649149
818, 27.9333328
819, 24.7690933141
820, 20.8804830354
821, 14.7217753214
822, 12.2811275203
823, 10.6215894385
824, 13.5138033085
825, 12.8717498289
826, 22.306262514
827, 23.7878687582
828, 26.9522918869
829, 30.1243287445
830, 31.3517538427
831, 33.6590224405
832, 36.4400281155
833, 40.9666116619
834, 51.9051582175
835, 59.6133168709
836, 52.4593840625
837, 57.8924001524
838, 55.5852729698
839, 51.2461660857
840, 49.2240416096
841, 46.2911207825
842, 45.3348250179
843, 41.9222193805
844, 38.1115387832
845, 36.5514293968
846, 40.3028853958
847, 37.068881756
848, 39.0014776771
849, 43.5608759873
850, 50.4812818075
851, 58.9602830802
852, 72.9416488139
853, 74.7401371956
854, 67.6309412396
855, 69.8916536712
856, 67.7115307356
857, 68.9845778017
858, 72.2749269815
859, 70.2098486055
860, 66.3917177982
861, 60.212937687
862, 50.9491865931
863, 49.9559583978
864, 51.012623556
865, 50.6344456884
866, 48.4148403197
867, 43.6048982835
868, 39.3061811522
869, 40.0874853837
870, 39.102111872
871, 40.1251904574
872, 36.1681517999
873, 32.3709531557
874, 28.5932273037
875, 20.8058414109
876, 18.706502665
877, 17.5807855379
878, 15.6739607014
879, 14.4500128768
880, 12.8934406524
881, 9.60737976546
882, 7.75729081406
883, 7.31599166766
884, 7.13530540525
885, 9.17339657055
886, 10.4408966167
887, 11.4151344273
888, 15.0582942645
889, 13.8119066914
890, 13.4007998571
891, 14.5054066832
892, 14.0837878287
893, 14.9269346992
894, 17.2601939262
895, 17.473144107
896, 16.9996050899
897, 17.1907484475
898, 14.5195261903
899, 14.6401292267
900, 16.2565458104
901, 16.3868057471
902, 15.3928796298
903, 14.2583681325
904, 12.0249680875
905, 10.8774972104
906, 11.7805414224
907, 14.9954155155
908, 16.9982248169
909, 21.0579194144
910, 24.4369170253
911, 28.1534578159
912, 33.026779663
913, 38.5851199098
914, 41.7999518586
915, 44.8170358075
916, 43.8938978459
917, 42.7365795306
918, 46.5733837412
919, 47.6753805108
920, 48.3841644805
921, 48.045670872
922, 45.2437685687
923, 44.0366526572
924, 43.8614938178
925, 44.0875605506
926, 46.7705982539
927, 48.8432208217
928, 46.4289553593
929, 42.7959842349
930, 39.7833666808
931, 38.6964971744
932, 38.6061272553
933, 37.4604428174
934, 38.0568165146
935, 35.2371728085
936, 31.820896512
937, 27.2374377968
938, 23.7502317
939, 22.1004108451
940, 20.0208152159
941, 16.0437773615
942, 13.9047296246
943, 11.8636051666
944, 8.38841962893
945, 6.7693184567
946, 8.10674536478
947, 8.33797182313
948, 8.44835288086
949, 8.38824496065
950, 9.3042868193
951, 10.4392482608
952, 10.7708404008
953, 11.1021363361
954, 11.9559084541
955, 12.7412309398
956, 13.2811412993
957, 13.9642774301
958, 14.0448393524
959, 14.2057685526
960, 13.9027608621
961, 13.4910337515
962, 13.4407439785
963, 12.8982177905
964, 11.9140824384
965, 10.7771975251
966, 8.84864189443
967, 8.81808078639
968, 10.0868354518
969, 13.412426888
970, 16.2185671384
971, 20.4773716402
972, 25.9132269395
973, 29.9113029167
974, 33.065869494
975, 38.2303116096
976, 41.8583343791
977, 41.7182560588
978, 45.7302659299
979, 45.2262730458
980, 44.9731370044
981, 44.9645806595
982, 44.0551748914
983, 44.4888101346
984, 45.5071550481
985, 46.531560963
986, 47.2148595079
987, 50.571535293
988, 48.2154089444
989, 49.8925795177
990, 48.8766755057
991, 47.6693487334
992, 51.6107931454
993, 50.2955856981
994, 48.5305548535
995, 46.7210902328
996, 49.7599558392
997, 48.6528590918
998, 48.4676525214
999, 44.6425539744
1000, 45.3601868752
1001, 43.310920637
1002, 42.6356366735
1003, 39.059107315
1004, 36.4632188191
1005, 32.3762722613
1006, 24.9567345075
1007, 21.831646893
1008, 18.1343542867
1009, 16.949287793
1010, 13.7114696859
1011, 12.3858336092
1012, 5.39322343133
1013, 6.09614874057
1014, 7.93392400117
1015, 9.1111317012
1016, 9.72423767301
1017, 9.85513378929
1018, 9.41359523832
1019, 10.3471957178
1020, 13.0077831498
1021, 14.1847866609
1022, 14.5765957262
1023, 14.6174771315
1024, 14.1057888338
1025, 13.7139441117
1026, 13.0108793317
1027, 15.0289189869
1028, 17.0775892588
1029, 16.4551501413
1030, 13.7036701855
1031, 13.0493103277
1032, 14.6554906538
1033, 18.169385336
1034, 23.1258000766
1035, 26.8205013338
1036, 32.6767652812
1037, 34.4758069371
1038, 40.0235477473
1039, 44.8846116724
1040, 49.976982174
1041, 54.2156743726
1042, 56.3693203492
1043, 55.0861034267
1044, 54.4085320961
1045, 52.4926414851
1046, 51.0459637748
1047, 51.2181896406
1048, 48.1208178459
1049, 48.1804675212
1050, 47.9797215694
1051, 49.1869167907
1052, 54.7515925589
1053, 54.3898784284
1054, 58.3644411718
1055, 56.2478386701
1056, 55.9673232242
1057, 55.1105020271
1058, 53.5134522168
1059, 51.7062338067
1060, 53.1312670904
1061, 50.8439209326
1062, 43.6971582571
1063, 44.3707513666
1064, 39.2691689012
1065, 39.7597742795
1066, 38.0339057797
1067, 35.9468898048
1068, 33.2154302711
1069, 29.6514418645
1070, 23.7756953655
1071, 19.7140552074
1072, 15.816716481
1073, 12.4519173759
1074, 8.42637767715
1075, 8.14485895521
1076, 6.04371510447
1077, 4.585725287
1078, 4.75665816012
1079, 6.02795409968
1080, 6.25886612065
1081, 7.33345164237
1082, 9.21152261207
1083, 9.16193392896
1084, 9.26058473739
1085, 9.84285613407
1086, 11.3190083222
1087, 14.4517844892
1088, 16.400317994
1089, 16.413053979
1090, 16.8054492105
1091, 18.0208217307
1092, 30.1573217935
1093, 37.9043452354
1094, 43.3512525287
1095, 47.7364858803
1096, 46.4552609394
1097, 45.1093621046
1098, 43.6617221899
1099, 43.0701941007
1100, 42.446296813
1101, 43.1081820551
1102, 35.1586079965
1103, 33.4063205671
1104, 33.0351236597
1105, 32.3093074325
1106, 37.0129489229
1107, 53.836141317
1108, 59.2609379803
1109, 64.242138519
1110, 71.1175195247
1111, 74.462358257
1112, 71.6412510493
1113, 73.8940500171
1114, 71.5731009728
1115, 68.8337225789
1116, 65.9691930172
1117, 51.8257422878
1118, 51.8943526227
1119, 50.7987105658
1120, 51.5494830878
1121, 52.3357913914
1122, 52.5225092416
1123, 46.5517807974
1124, 50.1729279875
1125, 51.9584147192
1126, 56.0845350171
1127, 55.0685349695
1128, 52.6412371802
1129, 51.4945135612
1130, 46.1495227649
1131, 40.2038676044
1132, 36.8997390076
1133, 34.810680174
1134, 30.8061756285
1135, 28.5756335856
1136, 25.0716651205
1137, 22.3205111933
1138, 18.8747493746
1139, 16.0967549619
1140, 14.2484851766
1141, 13.4245562482
1142, 14.0167491723
1143, 16.1394418758
1144, 13.7594304179
1145, 12.5462082454
1146, 12.9593170443
1147, 17.2753532917
1148, 19.145689471
1149, 21.0202866739
1150, 22.7288044865
1151, 23.432887565
1152, 24.1053852695
1153, 23.5705113346
1154, 23.37995913
1155, 27.2633685377
1156, 36.2253299998
1157, 37.553598611
1158, 40.2869226744
1159, 40.3100485771
1160, 43.0455425366
1161, 43.4993537826
1162, 42.3536205631
1163, 42.2103552705
1164, 44.8412432849
1165, 44.0665139542
1166, 33.8718405821
1167, 27.9875769967
1168, 23.8586205471
1169, 22.8340628846
1170, 23.1415787742
1171, 25.5091458668
1172, 30.3238792602
1173, 29.180885593
1174, 28.991220029
1175, 28.5088083264
1176, 33.7013667285
1177, 37.4570544249
1178, 42.161607009
1179, 44.7982258384
1180, 40.1098982775
1181, 43.3726386308
1182, 43.4925367844
1183, 43.5737508985
1184, 41.8265219589
1185, 43.6362017251
1186, 40.9717971528
1187, 40.4401779123
1188, 43.0041913988
1189, 42.9676901089
1190, 44.2848985456
1191, 40.5590726669
1192, 36.4685060926
1193, 42.6872525752
1194, 44.9783682602
1195, 43.088448681
1196, 40.9998859668
1197, 39.693349639
1198, 33.0065375132
1199, 30.8103493752
1200, 29.4947249365
1201, 27.6163905914
1202, 30.7107684294
1203, 28.0446409541
1204, 32.2216516243
1205, 31.5419113142
1206, 30.3686953037
1207, 30.0180634472
1208, 29.6369183841
1209, 27.7478928271
1210, 26.662491591
1211, 25.8889817825
1212, 22.2829820991
1213, 18.2551869472
1214, 11.041878287
1215, 9.45295515162
1216, 8.40845606354
1217, 7.66491043579
1218, 7.62478275326
1219, 7.30386038842
1220, 8.13750314342
1221, 9.30231238382
1222, 8.71805226795
1223, 11.3988059047
1224, 16.994030526
1225, 19.6458295058
1226, 21.7675736597
1227, 21.7891993436
1228, 22.5937315803
1229, 23.8287691535
1230, 23.0148528617
1231, 23.0843930735
1232, 25.1027536649
1233, 24.6461990547
1234, 20.938019045
1235, 18.0463477659
1236, 15.9358502689
1237, 15.4738616946
1238, 15.0616927376
1239, 19.0773697732
1240, 22.0501478569
1241, 25.69571112
1242, 26.7714902741
1243, 29.2369357548
1244, 30.5851408855
1245, 33.5582040901
1246, 36.4406249297
1247, 42.847309648
1248, 46.8043588982
1249, 41.3824949172
1250, 41.6239683176
1251, 42.4409870244
1252, 45.3824876633
1253, 44.5378348302
1254, 47.8203473258
1255, 51.0773936509
1256, 58.2232778967
1257, 56.6608828128
1258, 56.812820035
1259, 59.0264541532
1260, 58.3764445414
1261, 52.8580768416
1262, 48.6586164278
1263, 46.6185898109
1264, 40.4717860299
1265, 35.4094979724
1266, 27.8723797756
1267, 24.2026419042
1268, 22.9665756553
1269, 22.9551650733
1270, 23.7269038558
1271, 25.1935611314
1272, 26.6298557878
1273, 33.2364918969
1274, 34.5532762595
1275, 34.7149414248
1276, 35.2156424694
1277, 33.8009143806
1278, 29.8530598102
1279, 27.8939713533
1280, 24.4090885476
1281, 22.2189827012
1282, 19.0145537351
1283, 10.1058591876
1284, 9.4325439659
1285, 8.66706076134
1286, 6.20836917034
1287, 7.00181835252
1288, 6.90213592464
1289, 8.04717078046
1290, 11.8025996036
1291, 14.6747531715
1292, 19.1455510024
1293, 26.7618425674
1294, 29.4648588418
1295, 32.1814097265
1296, 32.833675098
1297, 33.3166159646
1298, 35.0053189741
1299, 34.171326177
1300, 32.9852479177
1301, 33.0047231199
1302, 32.3634085705
1303, 27.8598546608
1304, 25.5810058417
1305, 22.3962410205
1306, 20.5889805388
1307, 19.3129967697
1308, 20.3340812202
1309, 23.4163544354
1310, 26.4043111941
1311, 24.7183425361
1312, 25.5986976787
1313, 23.4105962856
1314, 24.7784846824
1315, 27.3065739433
1316, 31.295468651
1317, 31.9887511518
1318, 34.2078361351
1319, 37.5036367453
1320, 40.7065077738
1321, 47.2586392816
1322, 49.0919243495
1323, 52.7599019663
1324, 59.7314666631
1325, 60.7163034364
1326, 59.6802152995
1327, 60.4278730524
1328, 57.375382221
1329, 51.1678360338
1330, 46.5637564426
1331, 39.4891988107
1332, 34.2044021551
1333, 32.5568741127
1334, 26.0145100923
1335, 25.6723743545
1336, 29.6686075818
1337, 31.7264614886
1338, 33.0854943075
1339, 35.6254047244
1340, 33.5252749998
1341, 40.2323835511
1342, 40.9837401578
1343, 39.9698290646
1344, 40.9859594254
1345, 41.5989252694
1346, 37.6131150501
1347, 33.3130858547
1348, 30.6707248646
1349, 28.5816957538
1350, 27.0623704908
1351, 19.7398190723
1352, 17.9720857284
1353, 16.6464234169
1354, 12.2754014099
1355, 7.98661912862
1356, 6.1263694227
1357, 7.43185350148
1358, 8.01624970321
1359, 7.01435699768
1360, 8.17944475698
1361, 12.8286477932
1362, 16.827486864
1363, 20.4731952404
1364, 27.826862341
1365, 32.6490490351
1366, 36.857797729
1367, 39.9055171192
1368, 40.6300932126
1369, 42.7072798264
1370, 41.7451002268
1371, 41.1612083325
1372, 39.4047656852
1373, 37.8095518154
1374, 33.7618281983
1375, 29.6552057967
1376, 25.3569399803
1377, 20.8436347014
1378, 18.7627082378
1379, 17.0545655027
1380, 16.8812682546
1381, 23.2895293806
1382, 21.5392604654
1383, 20.504149889
1384, 22.4951325835
1385, 30.0519547663
1386, 35.7511202636
1387, 43.6465415207
1388, 46.5421399792
1389, 49.466660027
1390, 55.8753800269
1391, 53.1301284113
1392, 61.5727850296
1393, 66.9805867101
1394, 73.8061894396
1395, 80.8639021986
1396, 80.5909988794
1397, 78.4916864192
1398, 87.1434093734
1399, 86.2236764428
1400, 82.2030879069
1401, 86.0805552108
1402, 80.8151995485
1403, 77.5666302624
1404, 67.7447723329
1405, 56.1258933391
1406, 58.1199661114
1407, 57.5563521379
1408, 49.0221451455
1409, 48.4192283599
1410, 46.2816190361
1411, 36.0123767135
1412, 37.4321304985
1413, 42.8089081522
1414, 41.5849635736
1415, 41.1241188056
1416, 35.6118967759
1417, 33.2723565814
1418, 32.1904742498
1419, 30.9651172685
1420, 31.0056560072
1421, 29.8084171027
1422, 27.1659221122
1423, 19.919905509
1424, 20.5827017345
1425, 19.5080777917
1426, 18.2432569099
1427, 16.4257750627
1428, 15.6724945638
1429, 15.7028219654
1430, 15.0901168452
1431, 14.8087340444
1432, 12.5889254076
1433, 12.8071835516
1434, 16.4716273956
1435, 15.6164888022
1436, 17.607382293
1437, 24.8702485988
1438, 28.9666949998
1439, 36.5506093093
1440, 46.3366832123
1441, 69.3713657139
1442, 74.4987255641
1443, 75.3885537707
1444, 73.2324444051
1445, 75.5680201893
1446, 78.4138014465
1447, 78.0159683312
1448, 74.2232636316
1449, 67.0018761131
1450, 58.5323249816
1451, 39.1616893396
1452, 36.5062688367
1453, 34.3145442429
1454, 32.1478179319
1455, 31.4107537959
1456, 29.9232174414
1457, 27.4211813683
1458, 27.0709030956
1459, 26.9319664965
1460, 30.3585674222
1461, 33.9927073383
1462, 37.4663830476
1463, 50.6232248319
1464, 52.625417826
1465, 53.9956881974
1466, 55.0728977812
1467, 55.7461342654
1468, 61.3401939857
1469, 66.5820562624
1470, 72.5151396371
1471, 71.0537982328
1472, 70.7070271263
1473, 59.4979365746
1474, 82.4577259645
1475, 79.6883728156
1476, 77.9724960168
1477, 74.9539641811
1478, 70.7472343173
1479, 67.1180341241
1480, 60.9576436799
1481, 59.033311276
1482, 55.9682000887
1483, 55.5089645719
1484, 30.9252882343
1485, 30.0698724236
1486, 28.7550896579
1487, 29.083683746
1488, 33.8447193292
1489, 32.2892288519
1490, 30.1008408447
1491, 28.8460727055
1492, 30.8945547005
1493, 30.823596174
1494, 31.2755920646
1495, 31.3790280257
1496, 29.8388142521
1497, 30.4119953985
1498, 24.3454276559
1499, 24.1047069286
1500, 22.9499596297
1501, 20.7409750835
1502, 16.359550286
1503, 18.6760228022
1504, 17.4512138461
1505, 17.2387194542
1506, 15.7831440978
1507, 11.8047071646
1508, 10.566813265
1509, 10.3952489305
1510, 9.9428489686
1511, 9.51101248891
1512, 9.55125167204
1513, 6.59834283676
1514, 7.52422145127
1515, 8.77131532425
1516, 11.744060703
1517, 12.0263157455
1518, 12.4286536465
1519, 13.2321198942
1520, 13.6938521354
1521, 15.1293502678
1522, 15.6213537333
1523, 14.3565328831
1524, 12.5471529853
1525, 11.1891367885
1526, 9.47315165536
1527, 14.8346837847
1528, 14.9659322779
1529, 13.611224924
1530, 12.7804644528
1531, 13.9454288613
1532, 18.0932854586
1533, 19.1999291593
1534, 19.422281097
1535, 22.6565719176
1536, 26.5631407941
1537, 25.7384205287
1538, 31.8840981618
1539, 37.0377610805
1540, 40.1808681559
1541, 49.9110546106
1542, 51.5084432214
1543, 59.8641826109
1544, 73.956173397
1545, 93.3123042768
1546, 96.0953171375
1547, 97.767819982
1548, 94.7188499833
1549, 95.846582972
1550, 95.3414197427
1551, 86.8034690697
1552, 84.8421048692
1553, 78.1134846164
1554, 68.3727222878
1555, 49.4463700438
1556, 44.9272362559
1557, 42.2354305639
1558, 41.8499428452
1559, 39.2606741646
1560, 37.4049419295
1561, 33.767737188
1562, 32.5014165121
1563, 31.7960070544
1564, 32.0036668179
1565, 30.7782641781
1566, 30.3473389677
1567, 31.6006933087
1568, 29.7095878971
1569, 26.6730939145
1570, 26.2192149823
1571, 26.2917144347
1572, 23.8500305729
1573, 22.1420173113
1574, 18.1025324561
1575, 15.6719966826
1576, 13.191425435
1577, 8.9328495072
1578, 9.06307715661
1579, 9.0933328239
1580, 8.812212274
1581, 8.82049912951
1582, 8.22800711957
1583, 9.18170027122
1584, 9.48286873477
1585, 15.5093252363
1586, 16.7273292053
1587, 17.5719858236
1588, 20.1312548526
1589, 22.783483303
1590, 27.4364014063
1591, 35.5699725832
1592, 38.4680242338
1593, 39.4738323819
1594, 42.9133178274
1595, 40.8023477121
1596, 42.858283789
1597, 44.6154184663
1598, 60.5401335726
1599, 57.2694433935
1600, 52.3265652623
1601, 44.7256019402
1602, 43.2670154581
1603, 44.9438623299
1604, 45.2580055127
1605, 40.5494151016
1606, 36.9854906297
1607, 35.6702528513
1608, 24.4971724942
1609, 25.9632000825
1610, 26.6068458824
1611, 27.7351517632
1612, 35.1983995633
1613, 38.1875136494
1614, 37.4483077981
1615, 40.9374452833
1616, 43.852436858
1617, 46.9372108492
1618, 45.7756779151
1619, 54.3711840588
1620, 70.9927825788
1621, 78.579736857
1622, 75.4033133852
1623, 74.34954385
1624, 85.7095711587
1625, 87.8925444669
1626, 87.0490623466
1627, 86.0596816732
1628, 82.1400453329
1629, 76.0113716129
1630, 62.5306231455
1631, 55.7998814391
1632, 54.801336041
1633, 52.5215624358
1634, 45.8674590255
1635, 43.6325919677
1636, 43.1420649945
1637, 40.1643058729
1638, 38.087757299
1639, 37.4834786639
1640, 35.674307151
1641, 35.5113585795
1642, 36.163506436
1643, 37.8609447206
1644, 34.7273074142
1645, 56.4641603055
1646, 55.2940941008
1647, 55.882206415
1648, 55.7625159922
1649, 54.6197831145
1650, 53.2677842789
1651, 52.6234914976
1652, 49.5883540921
1653, 44.5573009501
1654, 39.8552289728
1655, 16.5561632921
1656, 17.2693790314
1657, 16.4535011347
1658, 16.2022547465
1659, 16.7845446237
1660, 17.2968533186
1661, 17.6561841473
1662, 19.8770603766
1663, 22.4687954294
1664, 23.3131204751
1665, 24.4805127294
1666, 26.0176756326
1667, 30.8674566087
1668, 34.825737837
1669, 36.9050703491
1670, 38.7340989845
1671, 40.4623839528
1672, 39.8175586893
1673, 40.9118720448
1674, 43.3379172207
1675, 44.5211901937
1676, 44.2808706437
1677, 38.7176301488
1678, 34.4391683199
1679, 32.0399805966
1680, 31.2856621507
1681, 28.6436313655
1682, 24.0142704119
1683, 20.3992858123
1684, 20.1514464357
1685, 21.5458981166
1686, 19.889197671
1687, 23.6357460077
1688, 27.2622043836
1689, 32.152743724
1690, 35.014498333
1691, 37.586578936
1692, 41.6354080644
1693, 49.0108619077
1694, 52.0834590252
1695, 60.8928468818
1696, 75.2239154494
1697, 79.7703899055
1698, 80.0229334969
1699, 81.5592802233
1700, 85.1565348568
1701, 85.8300478522
1702, 88.9420257033
1703, 93.0708979595
1704, 93.1640901432
1705, 83.1472603765
1706, 73.5986829635
1707, 68.8155634983
1708, 67.9307576967
1709, 63.6003905161
1710, 60.7070820351
1711, 61.2672333951
1712, 59.3970289664
1713, 54.2889027463
1714, 50.5620123508
1715, 49.8292573598
1716, 50.4391944795
1717, 53.1203932235
1718, 56.4958821049
1719, 56.5366389362
1720, 58.6218362678
1721, 60.8194483375
1722, 55.6612871089
1723, 48.8928888427
1724, 47.637588779
1725, 50.2567500478
1726, 44.5908188263
1727, 39.2777754755
1728, 32.6283821332
1729, 28.6740531244
1730, 21.4537400936
1731, 17.7118659342
1732, 19.7206010911
1733, 21.5387568382
1734, 22.2019817267
1735, 19.8820700848
1736, 23.3165924824
1737, 29.6267213511
1738, 39.6410160906
1739, 43.5677526572
1740, 47.5766089132
1741, 55.9985480167
1742, 63.0012145814
1743, 66.3277012591
1744, 77.3157683929
1745, 80.2550503336
1746, 86.1804023636
1747, 83.3990639575
1748, 80.8367445796
1749, 81.5437037982
1750, 83.5453231504
1751, 83.355991994
1752, 77.4199260254
1753, 78.6255021706
1754, 66.3721593668
1755, 61.7994320876
1756, 53.2128295511
1757, 63.9443987944
1758, 56.6238652004
1759, 51.8307843923
1760, 45.3328392631
1761, 38.3150995064
1762, 39.7281779841
1763, 35.6970075294
1764, 51.7010190532
1765, 52.9796078552
1766, 57.5911337674
1767, 47.645447023
1768, 58.2941050824
1769, 62.0537651091
1770, 70.7677801813
1771, 76.1712317643
1772, 89.3707957279
1773, 99.3196977603
1774, 87.2427033747
1775, 86.9373292034
1776, 94.6296844891
1777, 95.8238175235
1778, 88.5989327407
1779, 89.1877617782
1780, 86.7384771909
1781, 82.4147638574
1782, 71.0698218908
1783, 64.2445369379
1784, 61.9661460529
1785, 63.7438723298
1786, 58.0458855738
1787, 54.2499015454
1788, 52.854025975
1789, 50.9163149944
1790, 47.7829959716
1791, 46.6966283415
1792, 43.0404341958
1793, 42.0661614353
1794, 44.6171665634
1795, 49.519182459
1796, 48.6672750175
1797, 51.7116618514
1798, 55.4590770211
1799, 52.5091168676
1800, 49.5064934364
1801, 49.2514340658
1802, 50.626052156
1803, 46.8007122482
1804, 42.5726181367
1805, 33.7236540863
1806, 27.5750663502
1807, 22.6627910322
1808, 16.81716169
1809, 17.7411821958
1810, 18.6649425854
1811, 23.8467263997
1812, 25.1361587729
1813, 31.0099880471
1814, 36.3242555591
1815, 38.2757155331
1816, 44.2248597451
1817, 51.1858375204
1818, 52.9063430023
1819, 53.9914894099
1820, 55.9705884422
1821, 52.6772400911
1822, 52.5008289391
1823, 51.4174217678
1824, 50.4138997866
1825, 51.807258175
1826, 49.0115108209
1827, 45.3034269164
1828, 45.8139302119
1829, 46.787957055
1830, 49.4101830625
1831, 43.0697168202
1832, 38.0685313491
1833, 32.9647057897
1834, 28.736202842
1835, 24.6193594514
1836, 20.992926244
1837, 19.3354361876
1838, 17.0660181866
1839, 14.2540662789
1840, 11.0475885607
1841, 16.7452876472
1842, 20.0012240347
1843, 26.0287226025
1844, 28.6716368484
1845, 31.8488743148
1846, 37.4445380165
1847, 43.2086669629
1848, 47.469348982
1849, 57.5337624543
1850, 59.4739960274
1851, 56.930720239
1852, 55.9509646533
1853, 53.9320638937
1854, 52.8886149583
1855, 54.6947080157
1856, 55.4049174645
1857, 52.1433547211
1858, 52.4028886492
1859, 48.1026648295
1860, 47.7558623496
1861, 49.5332031622
1862, 50.762810414
1863, 46.0719232321
1864, 45.9389224858
1865, 50.6547363523
1866, 51.8102604528
1867, 53.4309464576
1868, 61.8730322657
1869, 65.0111943623
1870, 68.4753700712
1871, 80.4890842642
1872, 82.9385869594
1873, 92.4238243751
1874, 97.2270473539
1875, 90.5305873195
1876, 83.005989404
1877, 76.6723279596
1878, 63.7899648899
1879, 55.7711690413
1880, 49.9120212372
1881, 34.7317071578
1882, 31.4013145488
1883, 23.1422670991
1884, 15.9297567587
1885, 14.4533100763
1886, 15.2667623525
1887, 16.9233367311
1888, 17.7065108221
1889, 19.9862116839
1890, 20.8418470533
1891, 23.7057405996
1892, 26.3087175923
1893, 28.0794227919
1894, 31.1332674136
1895, 36.6204434593
1896, 40.5977399133
1897, 40.6586394325
1898, 43.0393431582
1899, 43.811243198
1900, 43.8391294525
1901, 43.717186768
1902, 44.2470021861
1903, 46.2138919305
1904, 46.3650053573
1905, 40.8986478278
1906, 39.1714195106
1907, 39.7355705513
1908, 37.5958891262
1909, 34.0024399795
1910, 31.3011316861
1911, 26.719210128
1912, 20.7347038538
1913, 17.0278273445
1914, 16.1651683388
1915, 16.8719445724
1916, 14.2210289028
1917, 11.7092279486
1918, 12.9163740735
1919, 17.5272220985
1920, 20.8409530099
1921, 27.3844436163
1922, 31.0919873321
1923, 35.8150752891
1924, 38.8763176229
1925, 44.7693575524
1926, 49.8716065078
1927, 59.0309513678
1928, 60.3363114629
1929, 57.4234500075
1930, 54.3510764693
1931, 57.0421717786
1932, 60.7943829108
1933, 62.3336607938
1934, 66.0636624767
1935, 63.864984271
1936, 62.5308288257
1937, 60.8830641148
1938, 66.8699328711
1939, 80.1465930751
1940, 87.9511334257
1941, 83.9589388855
1942, 100.300929395
1943, 110.193765432
1944, 112.295354698
1945, 120.567863328
1946, 123.980361244
1947, 126.198253096
1948, 123.886147926
1949, 117.788681842
1950, 113.18289128
1951, 108.805004519
1952, 85.0787997823
1953, 68.2193136076
1954, 56.8723544248
1955, 42.914184985
1956, 36.7646217307
1957, 28.3703452225
1958, 23.3061836392
1959, 15.6613810416
1960, 12.8680261111
1961, 17.3584827091
1962, 18.6246556261
1963, 19.408418652
1964, 20.1720525557
1965, 23.3678359322
1966, 23.8331682182
1967, 24.288752076
1968, 27.2850000663
1969, 29.4268155496
1970, 35.3677690321
1971, 36.3498341965
1972, 40.9809213597
1973, 44.6013593387
1974, 48.390457291
1975, 49.7685907029
1976, 51.5843295972
1977, 54.2115012281
1978, 53.7351433905
1979, 54.4865243799
1980, 51.1262439116
1981, 48.7077845157
1982, 45.8879094172
1983, 42.4294075216
1984, 38.1088173582
1985, 33.0632091671
1986, 29.184005002
1987, 25.637680588
1988, 20.5551854336
1989, 17.9934609701
1990, 18.2238249098
1991, 16.5166310509
1992, 14.4865155588
1993, 12.9912562271
1994, 15.1826727944
1995, 19.2491170553
1996, 22.3236050662
1997, 24.4529041668
1998, 26.2118141624
1999, 29.668686281
2000, 35.6608235607
2001, 42.9794709065
2002, 46.3255609523
2003, 54.7432414281
2004, 54.0713606608
2005, 52.0332748274
2006, 61.7612064123
2007, 81.1543772847
2008, 88.8204706043
2009, 92.8184443588
2010, 102.022365677
2011, 100.853341739
2012, 108.174936149
2013, 126.223606824
2014, 135.029343316
2015, 141.752088011
2016, 138.216571664
2017, 123.955755557
2018, 122.123281569
2019, 120.477320111
2020, 107.69217224
2021, 103.974468425
2022, 92.0221346161
2023, 65.6725281116
2024, 54.9112189885
2025, 45.949176884
2026, 36.6571983694
2027, 28.6700003478
2028, 21.5491096831
2029, 15.9906047086
2030, 10.987065571
2031, 7.7933263906
2032, 9.08937810912
2033, 10.4958445433
2034, 12.7471741877
2035, 14.2637986092
2036, 15.0775101976
2037, 16.1121989355
2038, 17.4519036273
2039, 16.3972402911
2040, 16.901198444
2041, 19.3531132206
2042, 21.1108115968
2043, 22.5390543019
2044, 26.0115552157
2045, 29.330373121
2046, 32.4441289468
2047, 36.1523003385
2048, 42.2945157613
2049, 47.3163764234
2050, 50.8640533392
2051, 49.7787950047
2052, 51.2077857722
2053, 51.8885569254
2054, 50.220308786
2055, 48.639144264
2056, 45.5866367952
2057, 50.2989835282
2058, 42.5166904161
2059, 36.9131531336
2060, 32.5206371436
2061, 30.9144814486
2062, 31.4221006917
2063, 34.5553103625
2064, 36.4234130495
2065, 37.3186828351
2066, 37.1706306727
2067, 30.7596317345
2068, 34.6054585231
2069, 37.5490733187
2070, 38.8443534714
2071, 38.4034310738
2072, 41.1963378016
2073, 52.509151239
2074, 58.5265083117
2075, 70.3798844203
2076, 76.2506997634
2077, 75.1538686354
2078, 74.2706433552
2079, 81.7978328823
2080, 90.9554643702
2081, 100.661111851
2082, 102.849910655
2083, 96.4663771301
2084, 96.2240433858
2085, 98.8530110967
2086, 114.582738524
2087, 130.771996868
2088, 145.286980986
2089, 143.235302547
2090, 137.261438807
2091, 131.550625148
2092, 126.496862254
2093, 115.274357184
2094, 103.752759442
2095, 86.9973351451
2096, 66.2927344166
2097, 48.9544831031
2098, 32.4926266231
2099, 27.2376189765
2100, 27.7208652384
2101, 30.1443367072
2102, 30.3057114663
2103, 33.3909228637
2104, 38.2247239739
2105, 41.1577238842
2106, 41.3285079868
2107, 44.1902590346
2108, 45.4661650148
2109, 45.9316064896
2110, 42.3438724219
2111, 38.0011296986
2112, 38.1933883316
2113, 38.2537978914
2114, 38.0705356401
2115, 46.416361238
2116, 49.8125451861
2117, 49.8864060357
2118, 53.2057583863
2119, 53.9265127477
2120, 59.8520706435
2121, 64.502566737
2122, 70.3833003632
2123, 71.2991550954
2124, 69.6640673223
2125, 62.9751947371
2126, 59.7277123165
2127, 57.545398902
2128, 55.5734960448
2129, 52.4103248627
2130, 46.8434956371
2131, 40.6143218467
2132, 32.0696169771
2133, 30.4521339759
2134, 30.361285993
2135, 26.4423906622
2136, 26.6075344685
2137, 26.5498298473
2138, 24.1214389347
2139, 25.3662750118
2140, 25.6892503671
2141, 32.1776956657
2142, 32.4095020759
2143, 46.3408963347
2144, 61.4705966502
2145, 73.6607223191
2146, 79.4633102142
2147, 83.4540592628
2148, 87.1687524216
2149, 89.1575795963
2150, 91.6173525055
2151, 88.9922924808
2152, 92.1455406801
2153, 85.5737120519
2154, 78.2149907877
2155, 79.2360152901
2156, 91.798755297
2157, 100.760035223
2158, 102.672826494
2159, 104.257188206
2160, 101.614395987
2161, 97.2845349287
2162, 92.4406757934
2163, 82.203007582
2164, 71.0033042817
2165, 57.0172858512
2166, 37.9321235046
2167, 25.5077363004
2168, 20.4457748594
2169, 17.5172335673
2170, 16.6742095032
2171, 17.2973749577
2172, 21.496838006
2173, 23.0944571034
2174, 25.2256830471
2175, 25.5692765092
2176, 25.9795889542
2177, 25.2962767987
2178, 24.462384459
2179, 22.6344615228
2180, 22.6644897051
2181, 24.062022476
2182, 21.1071912897
2183, 21.8205280961
2184, 20.2525100272
2185, 20.3509966476
2186, 20.531384545
2187, 20.0191248943
2188, 21.5370255301
2189, 24.4309945567
2190, 25.9417212433
2191, 28.3396174631
2192, 28.9754050309
2193, 28.5649032686
2194, 29.499378357
2195, 28.0333503992
2196, 25.7832811363
2197, 24.677915993
2198, 22.4155954412
2199, 18.980062758
2200, 16.8665850882
2201, 12.4776064293
2202, 11.0315479222
2203, 9.98746564768
2204, 10.5798300126
2205, 12.0498758317
2206, 13.4360365719
2207, 15.9989366521
2208, 17.2666930132
2209, 18.1084691245
2210, 31.3339983239
2211, 45.2644686415
2212, 44.6135545976
2213, 57.4452272061
2214, 81.0600199149
2215, 86.6553029397
2216, 100.979066387
2217, 114.389640561
2218, 125.684243463
2219, 143.195970552
2220, 140.656085617
2221, 135.528378448
2222, 141.879326245
2223, 138.147449214
2224, 124.925267112
2225, 123.918133351
2226, 118.953492398
2227, 108.791181073
2228, 96.7174074798
2229, 77.2935723207
2230, 66.2433532808
2231, 56.4254814562
2232, 49.2101905914
2233, 40.2101777994
2234, 29.0194487171
2235, 24.730306349
2236, 16.1511134678
2237, 13.9194289974
2238, 16.8119490048
2239, 19.2370084152
2240, 20.7580998122
2241, 22.5766213549
2242, 24.5052279119
2243, 25.03729706
2244, 25.4908874787
2245, 24.1650757298
2246, 23.783162937
2247, 23.2322466972
2248, 20.8018895712
2249, 19.2716630456
2250, 17.3700370335
2251, 20.4725699848
2252, 23.7657969724
2253, 27.1198643784
2254, 29.3482389454
2255, 32.4047882337
2256, 33.0787804798
2257, 32.5966767082
2258, 33.9019190714
2259, 37.217465734
2260, 42.2603408413
2261, 39.6094220681
2262, 37.3503001399
2263, 36.7982338456
2264, 34.5189747093
2265, 31.3249436324
2266, 32.1277550506
2267, 32.1660189589
2268, 32.2877534906
2269, 29.8150581564
2270, 26.4390483032
2271, 26.1982119318
2272, 26.2781931817
2273, 26.1288306053
2274, 27.8060429702
2275, 31.8011235262
2276, 41.9185923056
2277, 42.9449309847
2278, 39.822049456
2279, 38.3778255814
2280, 45.7284280669
2281, 63.3379502554
2282, 92.5162579215
2283, 120.654754018
2284, 136.322566289
2285, 161.409999876
2286, 159.227322621
2287, 172.22447554
2288, 184.541848016
2289, 205.702302667
2290, 203.745421735
2291, 191.914758799
2292, 164.347682012
2293, 132.873519645
2294, 114.590203175
2295, 84.7446955151
2296, 74.7559286623
2297, 59.9801679032
2298, 49.2772938731
2299, 30.9291564172
2300, 26.1165435048
2301, 20.9163056993
2302, 19.1488283808
2303, 21.6318524487
2304, 23.8214490995
2305, 28.1898424831
2306, 29.023995081
2307, 28.4743341569
2308, 28.8260187212
2309, 28.9340836771
2310, 27.8891655231
2311, 25.4668448839
2312, 67.8195880279
2313, 65.0619805778
2314, 63.7217247293
2315, 67.6082476221
2316, 66.9352232237
2317, 69.3772860068
2318, 73.1573545067
2319, 74.6934444694
2320, 76.4731075353
2321, 78.0408054521
2322, 35.5254760401
2323, 36.1002072456
2324, 35.768200595
2325, 41.0067126334
2326, 41.3495176481
2327, 38.2277568404
2328, 33.9929891556
2329, 29.8591585659
2330, 27.3664105749
2331, 27.9082958657
2332, 26.2915624013
2333, 29.0409917029
2334, 29.9271187412
2335, 17.3272698619
2336, 17.0964974607
2337, 17.1975185836
2338, 21.5366851283
2339, 24.036940427
2340, 25.3009640338
2341, 37.3585079731
2342, 54.5712476203
2343, 94.4414948147
2344, 205.615346137
2345, 299.776872981
2346, 340.488681641
2347, 381.165065129
2348, 402.919536858
2349, 453.266647581
2350, 459.965424109
2351, 447.863867368
2352, 429.878552354
2353, 386.27486367
2354, 273.156853454
2355, 179.245003213
2356, 139.025395123
2357, 99.9138692618
2358, 75.3698008427
2359, 24.662236358
2360, 18.5581023542
2361, 24.1029301852
2362, 27.6308509372
2363, 31.0283136901
2364, 34.0522672933
2365, 34.9373206494
2366, 33.9850874769
2367, 33.4400385049
2368, 44.6867939031
2369, 42.8180966089
2370, 43.4798044158
2371, 52.5788923773
2372, 50.3616663941
2373, 48.895609821
2374, 54.5809526991
2375, 55.4414862054
2376, 63.297978125
2377, 68.2400686929
2378, 63.158860675
2379, 64.5465627879
2380, 61.2946994379
2381, 46.6956872073
2382, 48.6851397396
2383, 49.416456257
2384, 46.8611330617
2385, 46.0368085855
2386, 41.3913024611
2387, 39.199975587
2388, 32.9817966621
2389, 36.2889951071
2390, 39.0814978048
2391, 41.0903850542
2392, 45.2472539773
2393, 47.0156052145
2394, 48.0595148018
2395, 52.9809302644
2396, 56.4584967642
2397, 65.782928975
2398, 71.6972257212
2399, 75.532762134
2400, 98.2112677657
2401, 109.782817461
2402, 125.4192249
2403, 176.694498217
2404, 214.694490881
2405, 254.258798771
2406, 315.126988582
2407, 397.875023418
2408, 393.019814864
2409, 385.852810463
2410, 363.808707502
2411, 347.789016876
2412, 324.251695069
2413, 269.868411625
2414, 226.085249584
2415, 182.22278889
2416, 118.395646918
2417, 25.605765466
2418, 28.9297168923
2419, 42.2972703506
2420, 43.3020518761
2421, 47.0727105937
2422, 56.7572956808
2423, 57.8687006992
2424, 57.8576454437
2425, 58.988949439
2426, 57.2740669001
2427, 54.8930693839
2428, 49.2980580599
2429, 35.8780546364
2430, 32.551680344
2431, 30.863724279
2432, 24.1522994664
2433, 23.799038675
2434, 26.218978274
2435, 27.9257042694
2436, 29.9225606143
2437, 32.5464915895
2438, 35.5440747779
2439, 38.8687429412
2440, 42.6851918409
2441, 47.4149682293
2442, 52.1672477839
2443, 55.7917372962
2444, 60.8351358253
2445, 59.3560190011
2446, 59.9449663162
2447, 62.658326693
2448, 61.4599633653
2449, 62.6979223103
2450, 61.6474828444
2451, 56.3538771421
2452, 52.5368080975
2453, 51.1806539522
2454, 51.8411293811
2455, 53.4535586192
2456, 51.2296513836
2457, 47.9632992239
2458, 45.1229350859
2459, 41.4720519868
2460, 39.1286284635
2461, 51.8194686432
2462, 72.8090221804
2463, 92.7800263744
2464, 90.1150058462
2465, 84.1467779999
2466, 81.8526206135
2467, 79.0794598058
2468, 80.3602799625
2469, 77.23260499
2470, 75.4328062778
2471, 61.4929802334
2472, 38.8404104049
2473, 17.4427173928
2474, 11.9187092835
2475, 16.2171019674
2476, 16.3628434255
2477, 17.9602507188
2478, 18.2694601169
2479, 22.607718249
2480, 24.3955624057
2481, 25.9023789641
2482, 26.5233410502
2483, 28.1881931259
2484, 28.3770843313
2485, 25.3843369926
2486, 27.0598239184
2487, 27.0099402129
2488, 28.1941546763
2489, 29.5185974257
2490, 30.2727860641
2491, 33.5409308493
2492, 36.6262862594
2493, 36.5987314712
2494, 37.3022724921
2495, 50.8721386008
2496, 58.5992285187
2497, 60.2684043717
2498, 60.0033421085
2499, 58.6319809089
2500, 60.51352762
2501, 61.737444346
2502, 62.8165849017
2503, 62.6468625323
2504, 65.6203888599
2505, 58.4189967566
2506, 52.1786700558
2507, 74.9362976946
2508, 74.5945821022
2509, 77.6240418439
2510, 76.6892080992
2511, 71.0832504256
2512, 65.538271224
2513, 63.3638174082
2514, 57.9702091741
2515, 50.482901375
2516, 46.925416402
2517, 24.2325666596
2518, 29.8545987128
2519, 31.1451487677
2520, 28.1652000308
2521, 27.9171167171
2522, 27.2962574509
2523, 26.4217733581
2524, 26.7006952599
2525, 26.6696200502
2526, 26.0472256792
2527, 27.6046246172
2528, 23.1465935187
2529, 17.2029795724
2530, 19.102303548
2531, 22.2270284154
2532, 23.5933023849
2533, 22.3279138999
2534, 23.9867338707
2535, 24.7803184661
2536, 26.3063258535
2537, 22.7602541623
2538, 20.5488181583
2539, 22.0206172741
2540, 25.9568572508
2541, 25.3068144504
2542, 29.6915445593
2543, 34.1639467945
2544, 34.384347025
2545, 39.2746227603
2546, 42.028641869
2547, 46.5154037907
2548, 46.7569290354
2549, 42.4600715388
2550, 36.9768338218
2551, 39.5945978709
2552, 36.7949894676
2553, 34.8339457004
2554, 36.0900174631
2555, 34.604486934
2556, 32.2427218624
2557, 30.5122947729
2558, 30.8341709271
2559, 32.4818756998
2560, 31.5784643393
2561, 34.6073994834
2562, 30.9020639867
2563, 28.2811332145
2564, 25.2787193768
2565, 21.4330962846
2566, 32.068250018
2567, 27.6897752742
2568, 25.2412139997
2569, 23.8470980094
2570, 26.5420101739
2571, 18.3668736923
2572, 20.5341265952
2573, 22.5531528905
2574, 22.433664183
2575, 24.5624642537
2576, 14.3037910937
2577, 15.1378117263
2578, 15.5799329672
2579, 16.5965838075
2580, 16.3934108878
2581, 18.9857625982
2582, 33.2653183753
2583, 48.3306632089
2584, 57.3643238783
2585, 66.9684766613
2586, 69.4007714237
2587, 75.1171035801
2588, 77.5385457272
2589, 78.9921664575
2590, 82.2139945707
2591, 85.326089171
2592, 80.0747677051
2593, 67.280260982
2594, 65.8188135358
2595, 56.7535808023
2596, 54.7322425668
2597, 56.5797453298
2598, 62.3050658091
2599, 64.0829849644
2600, 63.1314550879
2601, 59.5363029558
2602, 50.9536703458
2603, 48.3092388277
2604, 40.6096815845
2605, 39.0000098985
2606, 36.0451288405
2607, 27.5762011038
2608, 19.5670179558
2609, 15.7703935162
2610, 13.6083030319
2611, 11.6500551598
2612, 9.40079859104
2613, 7.92491491873
2614, 7.71439522337
2615, 6.72959286825
2616, 8.73740880813
2617, 8.46653582327
2618, 8.40642037681
2619, 13.9208783436
2620, 12.073794665
2621, 12.7671299725
2622, 12.5772315529
2623, 14.6970114116
2624, 17.9898994469
2625, 19.6664596719
2626, 23.4621067675
2627, 27.8336094338
2628, 39.0647443639
2629, 42.9711768446
2630, 46.7419955796
2631, 47.6887819064
2632, 49.7498726198
2633, 50.3178503601
2634, 51.4418985018
2635, 55.0192001452
2636, 55.069025406
2637, 54.5498241266
2638, 46.1607068508
2639, 41.305689257
2640, 41.6268028229
2641, 46.9523997678
2642, 52.9133863903
2643, 53.0700175716
2644, 52.6994289486
2645, 47.8159452688
2646, 41.9310029336
2647, 38.1997682593
2648, 37.5653922606
2649, 32.6053658885
2650, 27.6517557055
2651, 20.1557528608
2652, 11.8442487326
2653, 9.06169827466
2654, 5.80491659964
2655, 5.49744471734
2656, 6.9234526159
2657, 8.27135283954
2658, 8.70285283574
2659, 9.45652412096
2660, 10.8028259984
2661, 11.1148298636
2662, 16.0652773252
2663, 20.2544728516
2664, 20.6567814389
2665, 21.1759997588
2666, 22.5527161492
2667, 21.0750027007
2668, 20.3103151369
2669, 24.225871666
2670, 27.0902475728
2671, 28.9587958876
2672, 28.4168482784
2673, 27.6423929127
2674, 32.2817840899
2675, 33.5776085963
2676, 34.5341237463
2677, 38.7746372545
2678, 38.8856020651
2679, 33.7136226049
2680, 29.724693092
2681, 29.6238550529
2682, 25.2845098811
2683, 21.6902014188
2684, 15.8247955133
2685, 13.5050835832
2686, 9.89710156262
2687, 7.82529190454
2688, 6.49949932376
2689, 7.9578588597
2690, 9.85621356511
2691, 8.39062103699
2692, 10.4694210035
2693, 10.8894976524
2694, 14.2053170107
2695, 25.3547362146
2696, 27.1138186118
2697, 27.4165030261
2698, 28.1716585709
2699, 28.2818347001
2700, 27.6575939648
2701, 30.8092807842
2702, 33.7833255
2703, 34.888739308
2704, 34.4653949438
2705, 26.7183553523
2706, 33.0765674341
2707, 34.6130289855
2708, 44.7992728464
2709, 44.3021307308
2710, 42.8286099449
2711, 39.133374445
2712, 34.2202487583
2713, 32.8639934549
2714, 30.2608001372
2715, 27.9806407713
2716, 22.153078629
2717, 22.2328837974
2718, 12.2962571657
2719, 13.8817166785
2720, 16.3531741733
2721, 18.3523499941
2722, 24.7524935346
2723, 29.952477233
2724, 34.4943856627
2725, 39.3657619959
2726, 39.2472868392
2727, 37.6210186448
2728, 37.7514280072
2729, 37.7611638275
2730, 47.5216564521
2731, 56.4225449542
2732, 58.976226982
2733, 55.8362864442
2734, 51.0079277566
2735, 45.0029910331
2736, 42.6510522945
2737, 40.7299803481
2738, 38.438530314
2739, 42.5763598941
2740, 35.3728395242
2741, 29.7666967283
2742, 31.3346361287
2743, 32.2354595416
2744, 37.5795751106
2745, 41.7482290015
2746, 48.6480649765
2747, 66.1248621931
2748, 77.4153605654
2749, 79.0526617758
2750, 83.4843242165
2751, 82.3114522207
2752, 78.518163309
2753, 75.9025312865
2754, 71.3830523327
2755, 73.9616323051
2756, 73.0703280753
2757, 61.041010792
2758, 50.9366391714
2759, 42.6234029802
2760, 33.2335106798
2761, 29.044548036
2762, 26.550801966
2763, 25.9176509983
2764, 30.1470831891
2765, 25.0156649331
2766, 21.1560403878
2767, 18.1326718688
2768, 19.4306347834
2769, 21.2485386241
2770, 25.9479572192
2771, 30.9614240659
2772, 30.4794521077
2773, 37.9913191573
2774, 36.4038800032
2775, 36.6764254853
2776, 34.628547178
2777, 31.6764418859
2778, 29.353476995
2779, 29.7332030446
2780, 28.0646784653
2781, 23.4129612104
2782, 19.8362574542
2783, 12.2241111393
2784, 8.79943772619
2785, 6.91046793612
2786, 6.73929775508
2787, 6.9400584941
2788, 8.25734264745
2789, 10.9637921964
2790, 9.67249255095
2791, 10.6274587499
2792, 13.6409367486
2793, 15.108344918
2794, 18.935919568
2795, 26.1192742215
2796, 30.8561591128
2797, 36.5970636155
2798, 65.9795873834
2799, 69.8137472173
2800, 74.4374229793
2801, 73.8104309639
2802, 70.9435010948
2803, 70.8113464644
2804, 68.5244028797
2805, 63.1370212783
2806, 60.7701818961
2807, 56.9582301555
2808, 31.0215460518
2809, 24.5338978149
2810, 20.7138235717
2811, 24.9136909933
2812, 27.2464318606
2813, 29.1123560862
2814, 32.7475063427
2815, 39.3131935476
2816, 41.4126772774
2817, 40.0987058008
2818, 35.1692674334
2819, 33.2416610821
2820, 31.8842316266
2821, 29.3510264734
2822, 28.7657102796
2823, 27.1089901692
2824, 23.5541693701
2825, 18.7129741427
2826, 16.4532623987
2827, 17.5701023281
2828, 20.743753081
2829, 22.8131573575
2830, 28.0204119299
2831, 31.7800313088
2832, 35.7474642
2833, 41.2736593265
2834, 45.9048465388
2835, 45.7454796593
2836, 43.8286091728
2837, 41.9291768076
2838, 38.7951764059
2839, 36.4737049862
2840, 32.2776286273
2841, 27.7816137347
2842, 23.8645210728
2843, 18.6523073765
2844, 13.7738491209
2845, 11.3777673426
2846, 12.6833634295
2847, 13.920598606
2848, 17.1739213687
2849, 21.0540903255
2850, 23.7454352454
2851, 29.5941267489
2852, 36.4154097199
2853, 43.69728757
2854, 50.5459167375
2855, 50.2660975479
2856, 48.731652042
2857, 47.474564241
2858, 44.3195389353
2859, 41.1190477467
2860, 37.3613268842
2861, 29.9656184113
2862, 20.8746327016
2863, 11.8739204523
2864, 3.60809546006
2865, 2.87261821585
2866, 3.31423909158
2867, 4.18786947683
2868, 4.23821132994
2869, 4.13777354535
2870, 3.59556718878
2871, 4.68022637412
2872, 6.41938019828
2873, 9.42391751648
2874, 12.7983467431
2875, 16.4843832366
2876, 19.266967226
2877, 27.5135353298
2878, 32.0759555806
2879, 39.6102026524
2880, 41.3717246507
2881, 41.5447384502
2882, 40.5388328791
2883, 38.2967680247
2884, 35.3427371397
2885, 31.7159298293
2886, 28.6625064644
2887, 20.0731514577
2888, 16.6559396993
2889, 9.76378320707
2890, 8.5667126594
2891, 25.7684862279
2892, 32.2474468507
2893, 37.3214260896
2894, 41.0326736812
2895, 48.3472746515
2896, 52.978452085
2897, 59.2650527467
2898, 59.3484571468
2899, 59.6108127976
2900, 60.0026603955
2901, 42.3839141409
2902, 35.1516094987
2903, 29.2655483986
2904, 25.1357102372
2905, 17.7935344883
2906, 13.4120880684
2907, 7.10255015771
2908, 11.6827803877
2909, 13.3118208104
2910, 13.7345265042
2911, 14.2499640114
2912, 19.3523865942
2913, 23.2608448432
2914, 25.5504914984
2915, 25.6218502706
2916, 26.5567930597
2917, 27.6211855748
2918, 22.9158679082
2919, 19.7899971263
2920, 17.8820552587
2921, 16.5445722121
2922, 11.6731649302
2923, 8.22572443437
2924, 5.97587666542
2925, 5.83537067294
2926, 5.69449854101
2927, 6.7685996351
2928, 7.89512621545
2929, 10.1449968623
2930, 11.06998442
2931, 11.0409041776
2932, 11.2118125556
2933, 11.6231461967
2934, 12.3959020609
2935, 12.55636789
2936, 11.3613880408
2937, 8.91095436579
2938, 6.48849476455
2939, 4.2183943722
2940, 4.92086036762
2941, 7.24052866988
2942, 7.67270621933
2943, 8.0145209723
2944, 8.63769159082
2945, 10.527837729
2946, 11.2107520416
2947, 11.6829414544
2948, 12.7195197376
2949, 13.3021238444
2950, 11.6850219462
2951, 9.37495378799
2952, 8.93302060291
2953, 7.69759603734
2954, 6.25118122939
2955, 5.40710721691
2956, 5.35690172673
2957, 5.4593013687
2958, 5.1561328041
2959, 8.00988861368
2960, 10.0386976681
2961, 12.0977632777
2962, 13.2533418398
2963, 15.2425632117
2964, 15.8455039892
2965, 14.7487962813
2966, 14.3369506805
2967, 14.0635900375
2968, 14.3140963764
2969, 11.6402034189
2970, 10.9992653195
2971, 9.23201496053
2972, 7.84638663526
2973, 6.31982048983
2974, 6.29966597969
2975, 6.33964921973
2976, 6.9017782678
2977, 9.49630401329
2978, 9.07486374378
2979, 37.2591969353
2980, 37.2591969353
2981, 37.2591969353
2982, 37.2591969353
2983, 37.2591969353
2984, 37.2591969353
