0, 10.8695220883
1, 10.8695220883
2, 10.8695220883
3, 10.8695220883
4, 10.8695220883
5, 0.0
6, 0.0
7, 0.0
8, 0.0
9, 0.0
10, 0.0200812907518
11, 0.0200839908189
12, 0.0200868612692
13, 0.0200899021029
14, 0.0200931133199
15, 0.0200899021029
16, 0.421712676306
17, 0.421766828957
18, 0.42182437656
19, 0.421885319114
20, 0.401862266399
21, 0.401798042059
22, 0.401737225385
23, 0.401740251596
24, 0.401743023504
25, 0.401745541108
26, 0.0
27, 0.0
28, 0.0
29, 0.0
30, 0.0
31, 0.0
32, 0.0
33, 0.0
34, 0.0
35, 0.0
36, 0.0
37, 0.0
38, 0.0
39, 0.0
40, 0.0
41, 0.0702845176314
42, 0.11045654937
43, 0.170715868336
44, 0.28118745149
45, 0.943910828948
46, 1.20507680409
47, 1.22529721346
48, 1.22544005285
49, 1.32596888157
50, 1.39619016315
51, 1.36593369508
52, 2.03057820484
53, 2.36203294398
54, 2.28183562832
55, 1.6994291554
56, 1.54891258129
57, 1.76977673712
58, 2.10101527236
59, 2.03075130465
60, 2.1211923859
61, 2.15139448676
62, 1.45643796821
63, 1.34582677658
64, 1.58681694591
65, 1.52661312645
66, 1.81781300453
67, 2.11909465712
68, 2.19945309892
69, 2.54093858835
70, 2.40053515074
71, 2.43077775894
72, 2.51109465009
73, 2.26998123546
74, 2.38224933617
75, 2.72366223577
76, 2.49272156326
77, 2.04084564913
78, 1.65931413722
79, 1.32789679769
80, 1.72945298948
81, 2.08084880327
82, 2.00059395612
83, 2.12119362755
84, 1.91843857569
85, 1.72760800049
86, 1.61704970176
87, 1.56683871195
88, 1.55683720325
89, 1.53674140861
90, 1.14500126165
91, 0.693020964485
92, 1.20508943884
93, 1.78747042645
94, 2.01850607821
95, 1.98856682399
96, 1.95869665367
97, 2.13953858994
98, 2.45071618632
99, 2.67153334945
100, 2.6916480794
101, 2.86245114347
102, 2.53104247713
103, 2.14928998906
104, 1.85803255319
105, 1.85807439279
106, 1.9284418855
107, 1.72762053384
108, 1.71745517328
109, 1.777639892
110, 2.28976775225
111, 2.72160239955
112, 2.77199286435
113, 2.5612314456
114, 2.54125497587
115, 2.56132988011
116, 2.57126102083
117, 2.63145457914
118, 2.41048130457
119, 2.35018567012
120, 1.86810933413
121, 1.29564757153
122, 1.17512934747
123, 1.29561774968
124, 1.81772109322
125, 2.28968171885
126, 2.8220233858
127, 3.1636748912
128, 3.21413277185
129, 3.2041603011
130, 3.2443257769
131, 3.41495599297
132, 3.54539776201
133, 3.45499393621
134, 3.02312230906
135, 2.48079413158
136, 2.05895745451
137, 1.77772697262
138, 1.68734781056
139, 1.56681347188
140, 1.75759090502
141, 2.0286729609
142, 2.53069170282
143, 3.09509987704
144, 4.079331661
145, 4.88296680696
146, 5.64639084121
147, 6.65078214163
148, 7.73554484903
149, 8.03705092043
150, 7.75606268725
151, 7.4849698922
152, 7.0529820169
153, 6.81159132003
154, 5.83722930013
155, 5.08404985573
156, 4.51159654907
157, 3.60771215135
158, 2.64348867018
159, 2.26186055122
160, 2.43262913442
161, 2.3020579799
162, 1.98063789681
163, 1.52666397315
164, 1.51658632376
165, 1.5265980631
166, 1.81767051893
167, 1.95831287624
168, 2.06890525482
169, 2.04900282269
170, 2.12942910947
171, 2.71177651567
172, 3.28410464753
173, 3.94688988812
174, 4.18809292375
175, 4.79080048544
176, 4.7004451337
177, 5.00371363697
178, 5.053999011
179, 5.73695043719
180, 5.92781008535
181, 5.51607253186
182, 5.25491537756
183, 4.88331176778
184, 4.57197702831
185, 3.99941718626
186, 3.63781623629
187, 3.11357534067
188, 2.78214408405
189, 2.33013574484
190, 2.33005245473
191, 2.16939310762
192, 2.1091134323
193, 2.57299438657
194, 2.74384523742
195, 2.71376533616
196, 2.78409735549
197, 3.27623165092
198, 4.07952193033
199, 4.29041593249
200, 5.25444454562
201, 6.32310900212
202, 7.33755268002
203, 7.41605831717
204, 7.83819446495
205, 8.09951837035
206, 8.14975139715
207, 7.51699702367
208, 6.70338297196
209, 6.45213576694
210, 5.36725630428
211, 4.46931359745
212, 3.33441201899
213, 2.64148991689
214, 2.06907231566
215, 2.07901217994
216, 1.71747303937
217, 1.90829788765
218, 2.4204422274
219, 2.55103225409
220, 2.61123783842
221, 2.72176181254
222, 2.95286735579
223, 2.9629567753
224, 3.14371949688
225, 3.6456998687
226, 4.05750889004
227, 4.17809934772
228, 3.96731002712
229, 4.21845283547
230, 4.98146803718
231, 5.50359219418
232, 5.71463445915
233, 5.71496208128
234, 5.44407179053
235, 4.56021419277
236, 4.29885556654
237, 4.35885716954
238, 4.33867545185
239, 3.81649215119
240, 2.91261411812
241, 2.12932442292
242, 1.97858563462
243, 1.80785408784
244, 1.85811733987
245, 2.62124548951
246, 2.94262014193
247, 2.97472640969
248, 3.10534866468
249, 3.45705558322
250, 3.31652126289
251, 3.54743756448
252, 4.79438930224
253, 5.45730006765
254, 6.64433225524
255, 5.91162930264
256, 5.98229140428
257, 6.72327239629
258, 7.49637389777
259, 7.97832774163
260, 8.17946858357
261, 8.35052471323
262, 6.93249993875
263, 6.5707756507
264, 5.53412577812
265, 5.77511184443
266, 5.64447863401
267, 4.98154095235
268, 4.20821400505
269, 3.63578869144
270, 3.61577372017
271, 3.31452628029
272, 3.07352395526
273, 2.90272782526
274, 2.75204146163
275, 3.09529134183
276, 3.13538567796
277, 3.08520449102
278, 3.05518025578
279, 3.2862728553
280, 3.17588668887
281, 3.53735496902
282, 4.83270861276
283, 5.08393064618
284, 6.34118502977
285, 5.91772502003
286, 6.77340749718
287, 7.0244843003
288, 7.94839037851
289, 8.43042467055
290, 9.02317874806
291, 8.85266031869
292, 7.88860244148
293, 8.41068551798
294, 7.4946155709
295, 7.77573148684
296, 6.83974539464
297, 6.43815818637
298, 5.45384294954
299, 4.83103876291
300, 4.50955241595
301, 4.18822750478
302, 3.93720703957
303, 3.03334226245
304, 2.79223177479
305, 2.44058185942
306, 2.52276695679
307, 2.57694395431
308, 2.74769753703
309, 2.82808031067
310, 2.93861659981
311, 3.09942971786
312, 3.46100919889
313, 4.75637746723
314, 5.21035108704
315, 6.14430747423
316, 6.73498532161
317, 7.69533455182
318, 8.39835950764
319, 9.15164784267
320, 9.55354642865
321, 9.93734568431
322, 10.3190094748
323, 9.67619040851
324, 9.74438507022
325, 9.33247020399
326, 8.97088289348
327, 8.25781155165
328, 7.36402079302
329, 6.47017060124
330, 5.8574863238
331, 5.44374060981
332, 4.63019456103
333, 4.02757123091
334, 3.35466797061
335, 2.69175358313
336, 2.09911457343
337, 2.54073369191
338, 2.93238528596
339, 3.12329729358
340, 3.2841741741
341, 3.58573657994
342, 3.79673941851
343, 5.21244886779
344, 5.32309335982
345, 5.5040155462
346, 7.15081944189
347, 8.00438932856
348, 8.93826045369
349, 10.6354704236
350, 11.6203549013
351, 13.3780950558
352, 16.139767311
353, 17.0457402133
354, 18.0906778676
355, 19.6215302561
356, 19.4811366763
357, 19.2900451538
358, 19.1189875984
359, 17.8135277402
360, 17.4419539777
361, 15.7949208644
362, 13.8964872934
363, 12.4781581588
364, 12.2872562538
365, 11.3693308966
366, 10.5659352083
367, 9.34075924283
368, 8.3062989948
369, 7.92456186832
370, 7.23154789427
371, 6.62897689545
372, 5.60454239993
373, 4.69059556146
374, 3.74642796484
375, 3.05326839766
376, 3.23374875974
377, 3.6454400567
378, 3.77807744017
379, 3.84854940199
380, 4.02957308062
381, 4.31093487351
382, 5.05394407063
383, 5.04401352886
384, 5.29510912244
385, 7.3253060372
386, 7.64663920351
387, 8.15882532735
388, 9.37224887144
389, 10.1360840509
390, 11.3612896239
391, 13.5905388138
392, 14.022737244
393, 14.414866178
394, 16.403279456
395, 16.0296455734
396, 16.5616146349
397, 16.6619790184
398, 16.0699172091
399, 15.5378863225
400, 14.4029785453
401, 13.1172290058
402, 12.4442341777
403, 12.5044674608
404, 11.0581001842
405, 10.0437245913
406, 8.57933457758
407, 7.61509575556
408, 7.16314753821
409, 6.39995909913
410, 5.69691849406
411, 4.55196690278
412, 4.09998321756
413, 3.75831102332
414, 4.03913628012
415, 4.22988669618
416, 4.13775826631
417, 4.04757795342
418, 3.80679142839
419, 4.30283306676
420, 4.52365920353
421, 4.85505616624
422, 6.33115345159
423, 9.47607998836
424, 11.6471189716
425, 12.5616434116
426, 14.1594112117
427, 15.3854766028
428, 16.8618512118
429, 19.1068914474
430, 21.2097268857
431, 20.9292223686
432, 19.4433319489
433, 18.0852000454
434, 16.4776715618
435, 16.3463698874
436, 16.155477697
437, 15.5454953998
438, 14.5032904068
439, 12.2937598238
440, 10.4417484414
441, 10.9738193508
442, 11.6967053861
443, 10.4210695429
444, 9.23396794196
445, 8.02882613759
446, 6.56262772384
447, 5.58650045363
448, 4.71069628619
449, 4.6803527645
450, 4.39905338374
451, 3.82656758202
452, 3.07339471633
453, 3.00304698045
454, 2.55110977914
455, 2.05896362567
456, 1.9384883913
457, 2.65343282652
458, 3.07516372158
459, 2.56301167589
460, 3.26599753928
461, 4.68201476758
462, 7.07194556132
463, 7.74499193248
464, 8.89043034431
465, 11.2708662514
466, 12.807751509
467, 14.6854533539
468, 17.48720938
469, 19.3759094938
470, 18.9848960661
471, 18.9248802479
472, 19.2960958454
473, 20.0588942731
474, 20.9724340063
475, 20.3199846647
476, 20.1216720383
477, 18.2838930785
478, 15.8131582058
479, 14.6580295108
480, 14.8687675464
481, 14.0590215467
482, 11.4678176287
483, 10.0616654039
484, 8.26389014349
485, 6.56655254905
486, 5.22879566212
487, 4.72458607415
488, 3.96125870727
489, 3.17778587047
490, 2.54503203209
491, 2.38028803696
492, 2.18946652768
493, 2.82187944431
494, 3.12326346104
495, 3.05329410392
496, 4.18806054711
497, 4.90122889391
498, 7.32122636807
499, 9.05862632009
500, 10.545453895
501, 11.8614566957
502, 14.0510839682
503, 14.3323858898
504, 15.9993235304
505, 17.6827024333
506, 17.7331767392
507, 18.576694735
508, 18.8073865192
509, 19.6929275209
510, 20.3558114173
511, 19.934521174
512, 18.4707733853
513, 17.6292616973
514, 16.1626623319
515, 15.4050059235
516, 15.2539803692
517, 13.7274801622
518, 11.6385418421
519, 9.6479842237
520, 7.57909747752
521, 6.59468704124
522, 5.91980945973
523, 5.26504789822
524, 4.67233423222
525, 3.7463442987
526, 2.64153794368
527, 2.43053630638
528, 3.11317002781
529, 3.38620573737
530, 4.18362695069
531, 4.15387041272
532, 4.15632312155
533, 4.57815027297
534, 6.44558914866
535, 9.44786196757
536, 10.8943129118
537, 12.421436375
538, 13.094930293
539, 14.2180094871
540, 14.8867354744
541, 15.6200044528
542, 16.9740308701
543, 18.6711664472
544, 18.5905416736
545, 17.5157595838
546, 18.238974693
547, 17.9300571207
548, 17.2793922461
549, 16.1445931697
550, 15.4817075505
551, 15.662149532
552, 15.4911699054
553, 14.0549877921
554, 12.3478226439
555, 11.0241478998
556, 9.63800180932
557, 8.73193815649
558, 7.48456142741
559, 6.57074217873
560, 5.74720319366
561, 4.51176428982
562, 3.29631080691
563, 3.13541428716
564, 2.81414315946
565, 2.20962776413
566, 2.68136931177
567, 3.48472886124
568, 4.44886720035
569, 5.15213632915
570, 5.17281434457
571, 6.3980437887
572, 8.61707365078
573, 9.93251037846
574, 11.0676585203
575, 12.4340482327
576, 12.8662043784
577, 12.7055286176
578, 13.0668366437
579, 13.4686309605
580, 15.1658838858
581, 15.5775262189
582, 14.8443480536
583, 14.5631978449
584, 15.2161392649
585, 15.5576304399
586, 15.3969209434
587, 15.4472801835
588, 15.7083871201
589, 15.4473978133
590, 14.2743262772
591, 12.938598529
592, 11.7434458147
593, 10.9095289366
594, 9.36468533457
595, 7.71757450762
596, 6.36170797946
597, 6.00002574678
598, 4.78463574725
599, 4.1719656527
600, 3.47718177278
601, 3.26642288433
602, 2.99518580684
603, 2.46466457789
604, 2.53287198834
605, 2.70363097709
606, 2.52295677446
607, 1.719557553
608, 1.29775925114
609, 1.56873844675
610, 2.42218172906
611, 2.96449350777
612, 2.8844322695
613, 2.64171671425
614, 2.98316974026
615, 4.03931261159
616, 5.31446479887
617, 6.45946190365
618, 7.42399156599
619, 7.05293453355
620, 6.18941851681
621, 5.72730046347
622, 6.24924690735
623, 7.30333246998
624, 7.67475152546
625, 7.62261260137
626, 6.45809352138
627, 6.01637164637
628, 5.59461152306
629, 5.51431568315
630, 5.92585555892
631, 6.0262681913
632, 6.19688494073
633, 6.29700923049
634, 6.57813566949
635, 6.25688117322
636, 7.26140308687
637, 7.36211286646
638, 7.87435278152
639, 8.46693238841
640, 8.51722629996
641, 8.40683245058
642, 7.95487427035
643, 7.81392895355
644, 7.59466037888
645, 6.97210021786
646, 6.04832906147
647, 5.46607286569
648, 4.58226493555
649, 4.02964534533
650, 3.59766468521
651, 3.96912735454
652, 3.99924408539
653, 3.19577839379
654, 2.60120246507
655, 2.35031697908
656, 2.13946354634
657, 2.05905686223
658, 2.47070183018
659, 3.2638819097
660, 3.8062188012
661, 3.88668967945
662, 4.44925962588
663, 4.78086162948
664, 5.17245695506
665, 5.69476840371
666, 5.99623037177
667, 5.92602575533
668, 5.4439770437
669, 4.77093609266
670, 4.23850457394
671, 4.57963788772
672, 3.95700930082
673, 3.64776404956
674, 3.03519951077
675, 2.81436605837
676, 3.24602014707
677, 5.05335762154
678, 6.70038113594
679, 8.19696903274
680, 8.3383222213
681, 7.69609538417
682, 8.98143632926
683, 9.89308468607
684, 10.4351350443
685, 10.5176402937
686, 11.5220300477
687, 11.2928255465
688, 11.2744678976
689, 11.033489573
690, 12.8214740465
691, 14.0168887889
692, 13.1634605363
693, 12.892358036
694, 13.4044801069
695, 13.3523199414
696, 12.3677659678
697, 11.6727024134
698, 10.8270696738
699, 9.71222889043
700, 7.80412018795
701, 6.40819919598
702, 5.9461077721
703, 5.39345514871
704, 4.23831464765
705, 4.56156279661
706, 4.23217876452
707, 3.50915663018
708, 3.08735087574
709, 2.80630088548
710, 2.74608647269
711, 2.60542276117
712, 3.27808091359
713, 4.13146895959
714, 5.14573518342
715, 5.88701408695
716, 6.51815374093
717, 7.48254475501
718, 8.22581190028
719, 9.59167554522
720, 10.6161233263
721, 11.1385883518
722, 10.3655035233
723, 9.21060364829
724, 8.04540996793
725, 6.61895883578
726, 6.0662204201
727, 5.79677226874
728, 5.21425674124
729, 4.76229341434
730, 4.78649200845
731, 5.38921660334
732, 7.39962439442
733, 8.31384202813
734, 9.12765360624
735, 11.1161424715
736, 12.9138139626
737, 13.755353617
738, 13.1934455014
739, 12.7018400664
740, 14.1738372474
741, 16.1214423293
742, 16.5307561093
743, 17.2242797739
744, 18.0005432612
745, 18.0911862271
746, 17.5184660977
747, 16.6245109313
748, 17.8799118419
749, 18.6131775109
750, 17.538311196
751, 15.7302327359
752, 14.213755376
753, 13.4305257581
754, 12.7757419727
755, 11.5804973451
756, 10.545943358
757, 9.89321681466
758, 8.81863104516
759, 7.88453830962
760, 6.970361761
761, 5.97591743114
762, 5.55396726007
763, 5.02175125622
764, 4.40914883576
765, 3.83666759587
766, 3.53537546524
767, 4.41895996357
768, 4.83073042535
769, 5.72452079514
770, 6.3271898207
771, 7.39389022546
772, 8.24759121128
773, 9.29220677952
774, 10.1862401148
775, 11.7529317767
776, 12.7071762277
777, 12.4161116149
778, 11.8238936748
779, 10.6891974699
780, 9.62444563017
781, 8.39676915268
782, 8.05470170613
783, 7.88368643612
784, 8.4459494848
785, 7.89374285315
786, 7.88802927814
787, 8.6113555635
788, 10.2484954039
789, 11.7167968064
790, 13.5546403965
791, 15.3845917979
792, 16.3789085363
793, 16.4996594709
794, 14.7225330434
795, 13.8106897468
796, 14.2381036829
797, 15.9082502209
798, 16.1328400741
799, 16.6071655946
800, 17.5938378261
801, 17.4940047601
802, 15.9677080148
803, 15.3551582939
804, 17.6046024054
805, 19.4701649755
806, 19.3994966974
807, 17.7687057588
808, 17.1727880758
809, 17.2310476898
810, 15.3609327865
811, 14.5654830769
812, 15.1480132466
813, 14.565827613
814, 12.3160576097
815, 10.3172043261
816, 8.7302307014
817, 7.63509677199
818, 6.62057992638
819, 4.94137301044
820, 4.56969587553
821, 3.93703383033
822, 3.02316071376
823, 3.32447553846
824, 3.89694234194
825, 3.605763388
826, 3.67604223041
827, 4.38887453697
828, 5.47334013461
829, 6.32691721618
830, 6.6505164558
831, 7.52461696641
832, 8.31827124754
833, 9.2742557783
834, 9.33460828837
835, 10.4413828157
836, 11.9476914953
837, 11.4255905433
838, 10.2306102506
839, 9.03567062684
840, 8.07969406291
841, 6.82395725969
842, 7.61656788114
843, 7.94566869858
844, 9.11067439749
845, 9.01877630585
846, 9.16984500296
847, 10.2446184678
848, 11.9016593624
849, 13.5085555459
850, 15.8807351035
851, 17.6787057292
852, 17.8193415847
853, 17.3013009081
854, 16.4880548673
855, 17.3535289158
856, 17.6143074929
857, 18.1563242042
858, 18.5881050625
859, 18.2773094015
860, 16.8697168398
861, 16.8695926596
862, 17.9797202208
863, 19.4718224182
864, 22.0124839293
865, 21.9730658878
866, 21.7829160078
867, 20.8391800339
868, 19.5537497854
869, 19.252111925
870, 19.4124823503
871, 18.9502348908
872, 17.2486880767
873, 14.9288838104
874, 11.3838726484
875, 9.91557811569
876, 8.22813421336
877, 6.88202233654
878, 5.87750618958
879, 4.97360490869
880, 3.88888823934
881, 2.63334375159
882, 1.36587133131
883, 1.0545887266
884, 1.05462068809
885, 1.32562099983
886, 2.31966169674
887, 2.91229006415
888, 3.46485509038
889, 4.16810137892
890, 4.2889452055
891, 5.50385854687
892, 6.58836466282
893, 7.69316708661
894, 9.19961960824
895, 9.67195966004
896, 9.81266886197
897, 10.6361983568
898, 11.5320772145
899, 11.8153106008
900, 12.4582652001
901, 12.5887526453
902, 11.5043195168
903, 10.3694900737
904, 8.90308659985
905, 9.0433097404
906, 8.42222727286
907, 8.16080071594
908, 8.2592578083
909, 9.20147752608
910, 10.7179629457
911, 11.7725147673
912, 13.1810809744
913, 15.1699615324
914, 16.0040429827
915, 15.3835029708
916, 15.3010104471
917, 15.2706151066
918, 15.826328173
919, 16.6693721707
920, 16.9706468551
921, 16.6215503067
922, 16.3913757921
923, 16.3936111876
924, 18.1709227863
925, 19.8458918313
926, 21.7137517565
927, 22.9312264037
928, 23.4497198931
929, 22.5459476536
930, 20.9995889846
931, 20.4451994904
932, 20.6038769135
933, 20.0392089972
934, 18.9944049198
935, 17.5001129061
936, 15.3611155512
937, 13.440880834
938, 11.2513343604
939, 9.95535494596
940, 9.26216254871
941, 7.6553314977
942, 6.26942972711
943, 5.08426962698
944, 3.62783831581
945, 2.85239041674
946, 2.54103965459
947, 2.92253924472
948, 3.27393924787
949, 3.50484110708
950, 3.63559329197
951, 4.13806056687
952, 4.40941846806
953, 5.57413648853
954, 6.42768559112
955, 7.87378128395
956, 9.16944899421
957, 9.52129462326
958, 10.0336068338
959, 10.1542326581
960, 10.6584327391
961, 11.1022749636
962, 10.9920111242
963, 9.67641709738
964, 8.82268106313
965, 7.33614432439
966, 6.05034119931
967, 5.48959670841
968, 5.12981405958
969, 5.48111918284
970, 5.67001380028
971, 6.98368652353
972, 10.217448701
973, 12.8510043155
974, 13.705433228
975, 15.4354184628
976, 16.7214116322
977, 16.5587561666
978, 16.6064504192
979, 16.7668323384
980, 17.0417894306
981, 16.7621258844
982, 14.1009660598
983, 13.1349396969
984, 13.6372090076
985, 13.8580028441
986, 15.2254309321
987, 17.0032566071
988, 18.489834942
989, 20.2694144775
990, 20.8183089492
991, 19.009237219
992, 19.3829752823
993, 19.2020543978
994, 19.6030846642
995, 19.5100633567
996, 18.3030777344
997, 17.5401867567
998, 16.3954217944
999, 14.0634241287
1000, 13.5429038419
1001, 14.5773260872
1002, 14.4046326203
1003, 12.9485680625
1004, 11.0505956981
1005, 9.41343330105
1006, 8.08742309385
1007, 6.93208593794
1008, 5.88742121184
1009, 5.0137303971
1010, 3.51535275458
1011, 2.56118420269
1012, 2.11913377059
1013, 2.86215093318
1014, 4.1776530515
1015, 5.09169356806
1016, 6.14642249025
1017, 6.76940535112
1018, 6.48864913601
1019, 7.47275290902
1020, 8.50901021649
1021, 9.56329735695
1022, 10.5171836651
1023, 10.7283915169
1024, 10.1662937955
1025, 9.67433324385
1026, 8.45928385505
1027, 8.39873280883
1028, 9.62365413714
1029, 9.18166532933
1030, 8.24581887197
1031, 7.40236862305
1032, 7.70339779744
1033, 8.31567337166
1034, 9.05874845728
1035, 10.1737537546
1036, 12.9559216853
1037, 14.7055054591
1038, 14.3243195362
1039, 15.059774893
1040, 16.0544354977
1041, 16.5766030606
1042, 16.6863492589
1043, 15.9431421185
1044, 16.6961698657
1045, 16.1539678779
1046, 16.5674139894
1047, 16.0632988883
1048, 17.2105318142
1049, 17.8113408131
1050, 19.1171706742
1051, 20.7058828222
1052, 21.6797804472
1053, 22.5538874442
1054, 21.4596438944
1055, 20.38557704
1056, 18.5875025596
1057, 17.9059694125
1058, 17.1402296521
1059, 16.7401798887
1060, 16.0975426294
1061, 15.2821728568
1062, 13.3841420853
1063, 13.3138327194
1064, 14.3582012562
1065, 14.6196944662
1066, 13.6837972047
1067, 12.7178421378
1068, 11.5629535232
1069, 9.96365284575
1070, 8.29616684914
1071, 6.5485636366
1072, 5.5842836303
1073, 3.99730263628
1074, 1.93837706138
1075, 1.90817222264
1076, 1.56672469309
1077, 1.22532970454
1078, 1.20729462779
1079, 1.42823897135
1080, 2.19129378885
1081, 3.11512655197
1082, 4.69174270807
1083, 4.99340973705
1084, 5.41560699109
1085, 6.23919205739
1086, 7.4744324229
1087, 8.95050698813
1088, 10.6658431047
1089, 11.7810092647
1090, 12.2170944041
1091, 12.5386196583
1092, 11.956204002
1093, 11.715318102
1094, 12.5205035922
1095, 12.7813965107
1096, 11.4859588028
1097, 10.8028673731
1098, 9.22633048816
1099, 8.04130095889
1100, 6.89407269996
1101, 6.38162553409
1102, 6.68256694516
1103, 8.03605101026
1104, 8.24499833914
1105, 8.97824708123
1106, 11.5494366896
1107, 11.8813550759
1108, 13.3479596147
1109, 13.7100467858
1110, 15.3249174019
1111, 15.9171283868
1112, 15.2241693619
1113, 14.9750242043
1114, 14.6336544682
1115, 13.307957079
1116, 11.4316950208
1117, 12.2670183419
1118, 13.1806210718
1119, 14.2452932246
1120, 14.6571458909
1121, 15.7622044019
1122, 16.9075209463
1123, 16.4356808161
1124, 16.5161094761
1125, 17.4620804785
1126, 18.5946221071
1127, 18.2127289583
1128, 17.308969957
1129, 17.881557376
1130, 17.2891417743
1131, 15.1201455559
1132, 13.3728751208
1133, 12.800443955
1134, 12.2395335752
1135, 11.8450741173
1136, 11.4529928062
1137, 10.2562373984
1138, 8.64983532682
1139, 6.81213234671
1140, 5.62689253411
1141, 5.50606077839
1142, 5.6063094736
1143, 5.68664285651
1144, 5.11223951748
1145, 3.90696003181
1146, 2.66153137386
1147, 2.76191260294
1148, 4.38858984364
1149, 5.2723735342
1150, 6.39728295087
1151, 6.56858409482
1152, 7.45469057825
1153, 8.1978410494
1154, 8.02724374125
1155, 11.0694525956
1156, 14.4234097707
1157, 16.8579259366
1158, 17.9630063847
1159, 18.2776101195
1160, 18.9309308886
1161, 20.126028371
1162, 19.1801211198
1163, 19.633543815
1164, 21.0714944264
1165, 19.7472756359
1166, 17.7282288344
1167, 15.0533875529
1168, 12.352201681
1169, 11.1952619882
1170, 9.90927259919
1171, 10.0510620884
1172, 11.3664859446
1173, 9.84848642239
1174, 8.81248231908
1175, 7.93676264382
1176, 8.27771144543
1177, 9.33190061323
1178, 11.8545359792
1179, 12.7389516684
1180, 12.2776673134
1181, 10.8598776399
1182, 10.6689303347
1183, 10.9900714472
1184, 10.5780446749
1185, 11.6781349338
1186, 11.7281974167
1187, 12.4210257493
1188, 11.4952188884
1189, 12.1887601047
1190, 13.2637845365
1191, 14.6115516126
1192, 13.5874278853
1193, 14.6217359164
1194, 16.0778022519
1195, 15.9910754935
1196, 15.3481732549
1197, 14.2939766857
1198, 13.0290212397
1199, 11.6833525306
1200, 10.6486995339
1201, 10.0537370768
1202, 10.3850537702
1203, 11.0695642483
1204, 11.6619789246
1205, 10.8286701483
1206, 10.0356850531
1207, 9.8151617679
1208, 9.8856350283
1209, 9.56399080557
1210, 9.17210123909
1211, 8.42880696677
1212, 8.12742847511
1213, 6.20700479687
1214, 4.33883682481
1215, 3.43488711402
1216, 3.29422789544
1217, 3.37440791633
1218, 3.61544870763
1219, 3.56545527316
1220, 4.38094300854
1221, 5.63624054064
1222, 5.44569187139
1223, 7.53619694316
1224, 10.7798139231
1225, 13.3770031278
1226, 15.185047375
1227, 16.099864296
1228, 16.8338272239
1229, 17.8984556019
1230, 17.0327844969
1231, 17.0141741279
1232, 18.8416395447
1233, 17.8552432462
1234, 16.0773127067
1235, 13.7538474138
1236, 11.695433675
1237, 9.90772491572
1238, 8.44127897983
1239, 8.30001855891
1240, 9.83609682199
1241, 10.0066351735
1242, 8.46044735725
1243, 7.47679362198
1244, 7.24577265821
1245, 8.07102229576
1246, 9.05493709711
1247, 11.6959665176
1248, 13.0021619629
1249, 11.8679385866
1250, 10.7231838039
1251, 11.1627921487
1252, 12.4980699206
1253, 13.2750728674
1254, 13.4660022172
1255, 14.8018972386
1256, 15.6576080098
1257, 14.7235309118
1258, 14.8062496186
1259, 15.811080144
1260, 16.5662459538
1261, 14.5876918427
1262, 13.2518434774
1263, 12.4342311152
1264, 11.1284425111
1265, 8.87436507398
1266, 7.90990202804
1267, 7.55018653725
1268, 6.97587255572
1269, 6.89771297049
1270, 6.96813895333
1271, 8.11314047861
1272, 9.65956780115
1273, 12.0917519699
1274, 12.9659608835
1275, 13.1472613908
1276, 13.2780600078
1277, 12.1716043581
1278, 11.4884168701
1279, 10.562197301
1280, 9.3148041947
1281, 8.1394799179
1282, 6.42183078639
1283, 3.74823127283
1284, 3.11534599418
1285, 3.3060257366
1286, 2.93436717994
1287, 3.65750517709
1288, 3.55751462752
1289, 4.92333891652
1290, 7.1846269072
1291, 7.86776836767
1292, 11.4325372186
1293, 16.2088108158
1294, 19.1459203524
1295, 20.8357188464
1296, 21.2067013228
1297, 21.8822521422
1298, 23.3883894683
1299, 22.2532045354
1300, 21.9693113857
1301, 23.7083750451
1302, 21.6294000975
1303, 18.4596959182
1304, 16.0960572844
1305, 13.965415824
1306, 12.7702616555
1307, 11.1109606192
1308, 10.0158529107
1309, 11.5015409068
1310, 11.1616395498
1311, 9.06093578632
1312, 8.16748959304
1313, 6.86234245544
1314, 6.56091880392
1315, 7.23329576162
1316, 8.86000649419
1317, 9.19174987044
1318, 10.3668202168
1319, 11.2423271628
1320, 12.4955144945
1321, 17.4982381011
1322, 19.9594812931
1323, 21.760415041
1324, 22.4041330916
1325, 23.0273308635
1326, 22.0930606395
1327, 23.0564863685
1328, 21.7005486381
1329, 19.0974113897
1330, 16.5160368916
1331, 11.4921036116
1332, 9.20178132211
1333, 8.64694747462
1334, 8.6268830326
1335, 8.09480683462
1336, 8.5289691148
1337, 8.21787640309
1338, 9.48325085705
1339, 11.0437611727
1340, 12.2388678859
1341, 13.9561626208
1342, 14.4385373812
1343, 13.6173159697
1344, 12.8240733585
1345, 12.211516675
1346, 11.295463499
1347, 10.3411716133
1348, 9.07553689781
1349, 7.76580992399
1350, 6.41985539155
1351, 4.46132090031
1352, 3.37663112227
1353, 3.09338159152
1354, 2.61131433353
1355, 2.21158261421
1356, 2.73374788714
1357, 3.93877629133
1358, 4.6819240709
1359, 4.51151711228
1360, 5.60826432649
1361, 8.04438770172
1362, 11.157288096
1363, 14.8648211668
1364, 19.9267260969
1365, 24.3947652626
1366, 27.5412019587
1367, 28.3257093277
1368, 28.3868525754
1369, 30.1663485338
1370, 29.6317185882
1371, 29.0121421583
1372, 27.9167346105
1373, 25.9481442372
1374, 22.8265967672
1375, 18.8801804718
1376, 15.5542932728
1377, 13.5457870467
1378, 12.5011230949
1379, 10.8414474307
1380, 10.2485616277
1381, 8.82210616038
1382, 6.61255955912
1383, 4.5919162232
1384, 4.17775592742
1385, 5.98516178156
1386, 7.07991966404
1387, 8.58678422799
1388, 9.18023532843
1389, 9.79331134486
1390, 11.2411373184
1391, 12.927819919
1392, 15.0687036727
1393, 17.7401450351
1394, 18.5841429884
1395, 18.3435049192
1396, 19.3097924716
1397, 19.3403045348
1398, 19.8848714611
1399, 20.0656998974
1400, 19.2702880567
1401, 17.8137125888
1402, 16.6161788974
1403, 15.2399431875
1404, 13.6430437336
1405, 12.6788358701
1406, 12.0640551102
1407, 11.4918478719
1408, 11.1987391579
1409, 10.5361706259
1410, 9.91371884955
1411, 9.21050644166
1412, 10.023326011
1413, 11.2016644779
1414, 10.3183110805
1415, 9.90687638847
1416, 9.0938090993
1417, 8.80276230293
1418, 8.48091446557
1419, 8.70180665496
1420, 9.00527902008
1421, 9.15590707986
1422, 8.12117859962
1423, 6.01808099786
1424, 6.61060958674
1425, 6.16873082316
1426, 5.43568009442
1427, 4.98380594
1428, 4.54192586579
1429, 4.08994212219
1430, 3.73637183938
1431, 3.50532680254
1432, 2.93272649541
1433, 3.92661237936
1434, 4.54915438705
1435, 4.53937115701
1436, 5.49953467833
1437, 8.15481310129
1438, 11.7518968702
1439, 14.232664858
1440, 16.6034869249
1441, 19.2476133835
1442, 21.5077309836
1443, 21.6081537607
1444, 21.2367275947
1445, 22.1707940841
1446, 21.4517729384
1447, 19.4789162413
1448, 16.5339158096
1449, 14.5051518069
1450, 12.3759315543
1451, 10.2446523461
1452, 9.18974417676
1453, 7.95642654548
1454, 7.07279465436
1455, 6.12879390842
1456, 7.14292415768
1457, 7.70501123743
1458, 7.49417348188
1459, 7.0829046713
1460, 8.06729524552
1461, 9.0111589277
1462, 8.6492564469
1463, 10.7258530924
1464, 11.3793342047
1465, 12.2935285992
1466, 12.8255773688
1467, 13.3579058532
1468, 14.2718075929
1469, 16.8949330303
1470, 18.3333026137
1471, 19.4300192439
1472, 21.1935153384
1473, 19.5371713461
1474, 19.2465181087
1475, 18.6538964935
1476, 18.1411056549
1477, 17.6382131923
1478, 17.7985497639
1479, 16.3706584836
1480, 14.9548745816
1481, 13.7477963287
1482, 12.4059548243
1483, 12.50644245
1484, 12.6773512865
1485, 12.2657162114
1486, 10.5483648969
1487, 9.84493910952
1488, 10.035134007
1489, 9.08108807939
1490, 8.49666187699
1491, 8.13532908021
1492, 8.20564235402
1493, 7.68339842561
1494, 7.42240421654
1495, 7.58525530929
1496, 7.89667893075
1497, 7.69547071658
1498, 6.14863757581
1499, 6.19889224112
1500, 5.7570020134
1501, 5.07407830621
1502, 3.8487340933
1503, 4.29048589271
1504, 4.35080820011
1505, 4.06769126446
1506, 3.88703656368
1507, 3.27452334574
1508, 3.03340058735
1509, 3.09339509821
1510, 3.31419791825
1511, 3.19372536329
1512, 3.46489459134
1513, 4.10751825249
1514, 4.77042277444
1515, 6.26671543322
1516, 7.50424276028
1517, 7.54511281258
1518, 7.69601897173
1519, 7.92693835218
1520, 8.21986252785
1521, 9.20354491222
1522, 9.3140423962
1523, 8.13934813427
1524, 7.15540145681
1525, 5.5384492298
1526, 4.87324920351
1527, 6.15832810354
1528, 6.61026640281
1529, 5.87744499391
1530, 5.10247361859
1531, 5.70480016246
1532, 6.70866222553
1533, 7.10035618064
1534, 7.13101522251
1535, 7.0713963787
1536, 6.66967385614
1537, 6.40785495658
1538, 6.93966684953
1539, 7.94598197354
1540, 9.10115172941
1541, 9.68359744231
1542, 11.3504283537
1543, 14.6965092112
1544, 16.7560839617
1545, 19.9202934248
1546, 23.5361830273
1547, 25.1133290956
1548, 24.3103445304
1549, 23.8488041937
1550, 23.9492246873
1551, 23.2754861491
1552, 21.7178187355
1553, 19.2048339909
1554, 19.0142966804
1555, 17.6586060708
1556, 15.4290169626
1557, 14.1334877174
1558, 14.7965783983
1559, 14.9353794626
1560, 14.1218438373
1561, 12.5048220297
1562, 11.5704088766
1563, 10.7767488268
1564, 9.10952239851
1565, 8.37615005091
1566, 8.5767941252
1567, 9.22947228832
1568, 8.55694983248
1569, 8.19593654296
1570, 8.2263907867
1571, 8.48746143552
1572, 8.00487601828
1573, 7.52262645649
1574, 7.50263476961
1575, 6.69912398593
1576, 5.02187783217
1577, 3.46503013636
1578, 3.78630829239
1579, 3.92694796139
1580, 3.80647074631
1581, 3.70618728134
1582, 3.72631330725
1583, 4.38897934373
1584, 4.97139040082
1585, 6.29687505108
1586, 7.36355719809
1587, 7.98851437611
1588, 9.97686437119
1589, 12.0156591178
1590, 14.7372279428
1591, 17.5092949793
1592, 18.645010984
1593, 19.1276428448
1594, 21.2666554525
1595, 22.2204745348
1596, 23.6943915575
1597, 24.6567662418
1598, 23.1510090323
1599, 20.6909679301
1600, 17.7482298103
1601, 15.1967536741
1602, 15.3264593297
1603, 15.3178761795
1604, 12.5160595112
1605, 9.94544973609
1606, 7.1939399407
1607, 5.72732544832
1608, 6.00773091761
1609, 6.39936097384
1610, 6.24903005648
1611, 5.88782755818
1612, 4.40153614995
1613, 3.16394631239
1614, 3.11547252628
1615, 3.80829195653
1616, 4.92296817364
1617, 6.62997409078
1618, 9.02373891569
1619, 11.9465004426
1620, 16.8175632838
1621, 20.935962451
1622, 24.7652052889
1623, 25.3490001835
1624, 25.6391857147
1625, 25.6391697307
1626, 25.5299299341
1627, 25.1890739856
1628, 23.0552905989
1629, 21.1472525692
1630, 17.8050188081
1631, 14.5815081842
1632, 11.7372376759
1633, 11.978216351
1634, 12.6611089303
1635, 12.8719309142
1636, 12.6490145666
1637, 11.1305777261
1638, 9.88520441714
1639, 9.44309478891
1640, 8.36638510439
1641, 8.43648008106
1642, 8.32594633565
1643, 8.72769810338
1644, 8.81811333119
1645, 9.10141865209
1646, 9.11170787956
1647, 9.65414352545
1648, 10.0358004093
1649, 9.79470841496
1650, 9.6139664649
1651, 9.52343417958
1652, 9.25416646842
1653, 8.13940553496
1654, 7.49658249365
1655, 6.7615096988
1656, 6.470220132
1657, 5.82733434407
1658, 6.04810062448
1659, 7.16261156058
1660, 8.0765954037
1661, 9.30177108618
1662, 11.3084797002
1663, 13.3194432663
1664, 13.7618467852
1665, 15.5697831226
1666, 17.0884793576
1667, 19.4482985531
1668, 20.9745385659
1669, 22.0492703307
1670, 23.184519427
1671, 24.560347303
1672, 24.7532366875
1673, 25.7255271717
1674, 26.9350728007
1675, 26.4132844575
1676, 25.7988738766
1677, 23.258122388
1678, 21.0382920909
1679, 19.9327230977
1680, 19.0885959321
1681, 16.3465703903
1682, 13.3420159597
1683, 10.2390928818
1684, 9.52166475158
1685, 9.02092410005
1686, 7.71527858356
1687, 7.67542097291
1688, 7.36453029375
1689, 5.71730808887
1690, 4.94534322523
1691, 4.71412213802
1692, 5.42919724396
1693, 7.52797444333
1694, 8.66468215052
1695, 11.0566823934
1696, 15.5077304408
1697, 18.3709403107
1698, 19.8082980452
1699, 19.8093903843
1700, 20.6711357989
1701, 22.2470443414
1702, 22.9072157151
1703, 22.3765369716
1704, 21.7521231155
1705, 20.0912038509
1706, 17.6102987278
1707, 16.1039765889
1708, 16.1945540523
1709, 17.0384177786
1710, 16.6767997315
1711, 16.0839071771
1712, 16.3046801104
1713, 15.94109539
1714, 15.0774996132
1715, 14.1837996239
1716, 13.7397684831
1717, 13.8098977956
1718, 15.0547979491
1719, 15.3965337566
1720, 16.9270567547
1721, 17.8512120203
1722, 16.3355221603
1723, 15.2410483456
1724, 15.1305278263
1725, 14.4574459798
1726, 13.3720434374
1727, 12.3193103251
1728, 9.88901176811
1729, 8.94488223194
1730, 6.56052306641
1731, 4.68228826079
1732, 5.21451695947
1733, 6.07810072936
1734, 6.81105326522
1735, 7.7050066609
1736, 9.49262343717
1737, 14.6742011664
1738, 19.193682782
1739, 21.2152946024
1740, 22.4720516355
1741, 25.0941495761
1742, 27.044428959
1743, 28.5099014868
1744, 29.5459578267
1745, 31.3238592159
1746, 31.1734690734
1747, 28.730681257
1748, 27.0834560375
1749, 27.8668303235
1750, 28.8249890529
1751, 27.509758818
1752, 25.9314890634
1753, 23.7221489133
1754, 21.2794205541
1755, 20.0231218814
1756, 18.7592251015
1757, 16.3385877771
1758, 13.1551420978
1759, 9.96979233251
1760, 7.41472481468
1761, 6.44999016244
1762, 6.49980742335
1763, 6.46976061972
1764, 7.36363946017
1765, 5.99807926517
1766, 5.48405491722
1767, 5.18265806139
1768, 5.48403965735
1769, 6.3173977217
1770, 8.25528381655
1771, 10.448231787
1772, 12.7881893272
1773, 15.4118859818
1774, 14.8105779841
1775, 14.8717561834
1776, 15.4342695731
1777, 17.9039090817
1778, 19.481929442
1779, 20.6668860557
1780, 20.9986713105
1781, 20.2921174251
1782, 19.3078204796
1783, 18.9039625501
1784, 19.3463864999
1785, 20.0496877978
1786, 21.4153023409
1787, 19.5672993939
1788, 19.0427364453
1789, 18.2292365112
1790, 17.215037299
1791, 16.2506392152
1792, 15.3064111335
1793, 14.8944054854
1794, 17.1758670274
1795, 18.6422758521
1796, 18.6325516152
1797, 19.8081018139
1798, 20.3810177762
1799, 19.1261068804
1800, 18.1016631538
1801, 17.1272572301
1802, 16.5542763723
1803, 14.9166581029
1804, 12.0822497072
1805, 9.84471208736
1806, 8.0470032834
1807, 6.17886174035
1808, 4.54173175225
1809, 5.15432162245
1810, 5.3853064918
1811, 6.67047796647
1812, 8.48788208806
1813, 10.2756503028
1814, 11.9030347822
1815, 12.6269633115
1816, 15.6137292611
1817, 19.8071405691
1818, 21.0629984262
1819, 21.9874948419
1820, 24.2998924737
1821, 26.0774652292
1822, 27.5427201561
1823, 28.4464893144
1824, 30.3852770166
1825, 31.6917707885
1826, 31.0552859274
1827, 30.0647029267
1828, 30.5168871049
1829, 30.8683938354
1830, 28.8379700021
1831, 25.3231941933
1832, 21.1850389327
1833, 18.0209423914
1834, 14.1235762233
1835, 11.7208430581
1836, 9.27008037848
1837, 6.60835946606
1838, 4.9813744373
1839, 3.08339193
1840, 2.80224267105
1841, 4.05751849119
1842, 4.64195191683
1843, 6.34896611532
1844, 7.24308480541
1845, 7.34406738575
1846, 7.75785120454
1847, 7.30603478841
1848, 8.18952706808
1849, 10.6112902613
1850, 11.1940433594
1851, 10.3126942667
1852, 10.100282786
1853, 8.64426241573
1854, 7.93082391766
1855, 9.57910512976
1856, 10.189558438
1857, 11.8064006142
1858, 12.6501241691
1859, 12.5781566469
1860, 14.0566130204
1861, 15.9349147379
1862, 16.5380738917
1863, 16.2373754417
1864, 16.4985689055
1865, 16.4256482603
1866, 16.1658926094
1867, 15.1913882667
1868, 14.1371028976
1869, 13.384071755
1870, 12.3374706892
1871, 11.7327261916
1872, 12.4960370009
1873, 14.9566382258
1874, 16.8065869725
1875, 15.8629956023
1876, 14.7970142777
1877, 14.0540598617
1878, 13.5416182955
1879, 12.426187732
1880, 11.9636206399
1881, 11.7224105481
1882, 11.6219506511
1883, 10.1658621917
1884, 8.09540506635
1885, 7.57348889525
1886, 8.36679369599
1887, 8.81842144209
1888, 8.64751450094
1889, 9.56323085885
1890, 10.205950246
1891, 10.336505506
1892, 10.9389217695
1893, 12.1744519434
1894, 14.6753249988
1895, 18.4011274399
1896, 19.2655122521
1897, 19.4671078039
1898, 21.5180509618
1899, 22.7312074943
1900, 22.1785631878
1901, 22.4192973247
1902, 23.0519909241
1903, 22.8010568773
1904, 22.7222498654
1905, 19.1775697944
1906, 18.515164117
1907, 19.1275979511
1908, 17.267547533
1909, 14.6962229317
1910, 13.6416689717
1911, 11.8641130629
1912, 8.97128932748
1913, 7.38398541556
1914, 6.13613329026
1915, 6.88125238633
1916, 6.18855707506
1917, 4.53188747707
1918, 4.36144604671
1919, 5.68681153322
1920, 6.38950359311
1921, 7.83547732199
1922, 8.50066867858
1923, 8.42081916728
1924, 7.73781161902
1925, 7.48660331093
1926, 8.02873746893
1927, 9.24379525609
1928, 10.0875398106
1929, 9.0132455185
1930, 8.2702784734
1931, 6.99482458568
1932, 7.6874113399
1933, 9.80579290984
1934, 11.0509202018
1935, 11.8728268099
1936, 13.6809624223
1937, 15.579364024
1938, 16.8890381274
1939, 17.8436390452
1940, 19.3104201161
1941, 20.6764862164
1942, 20.3228371494
1943, 20.0007629046
1944, 19.3478656824
1945, 19.0385808046
1946, 18.3353438378
1947, 17.4917106087
1948, 16.8048338799
1949, 18.2328004067
1950, 17.5404114078
1951, 16.3055652426
1952, 15.341595755
1953, 13.5738076236
1954, 12.3780994507
1955, 11.0399237375
1956, 10.0974718448
1957, 8.85200417666
1958, 8.78147881074
1959, 7.10243565289
1960, 6.93215891895
1961, 7.37432191849
1962, 8.24207879085
1963, 8.32235764576
1964, 8.46282051713
1965, 9.36854574788
1966, 10.009043688
1967, 10.4307250903
1968, 10.6716359926
1969, 12.0979207215
1970, 13.3958244497
1971, 15.1333284214
1972, 17.0175704142
1973, 18.403904376
1974, 21.54717333
1975, 23.0619577022
1976, 24.6507295266
1977, 26.08697474
1978, 27.5755097933
1979, 28.6099942359
1980, 29.0603172398
1981, 28.8817853909
1982, 28.381738272
1983, 27.2773874164
1984, 24.0233140835
1985, 21.4521670061
1986, 18.1657627345
1987, 15.4233199696
1988, 12.0262110764
1989, 9.47678504015
1990, 9.064519974
1991, 8.28108958445
1992, 6.32311211514
1993, 5.61068540001
1994, 5.82188640947
1995, 6.87604970898
1996, 7.43803021488
1997, 7.70913213435
1998, 8.61310752752
1999, 8.24980763838
2000, 7.48631048511
2001, 7.00611366051
2002, 7.15506784049
2003, 8.14936834689
2004, 7.92059196389
2005, 6.91639541048
2006, 6.61491685114
2007, 8.2032289265
2008, 10.3738051375
2009, 12.9466335975
2010, 13.7306119475
2011, 15.0732376986
2012, 17.0562820248
2013, 18.5667087089
2014, 22.2700319157
2015, 24.4999413271
2016, 26.2699709863
2017, 26.1176941012
2018, 24.619520449
2019, 22.6287787751
2020, 21.5558784991
2021, 19.9107224014
2022, 17.4261433901
2023, 14.9112072761
2024, 11.2149476768
2025, 8.93491909152
2026, 7.09469695686
2027, 5.53783544628
2028, 4.72612925928
2029, 5.65974868887
2030, 5.66801607511
2031, 5.85714981774
2032, 6.36987026762
2033, 7.23385919916
2034, 8.079186436
2035, 9.00297692173
2036, 9.42482592149
2037, 9.96726901799
2038, 9.64407698502
2039, 8.18772933174
2040, 8.34818649326
2041, 9.19154522247
2042, 11.5613642767
2043, 12.4152702747
2044, 14.1609453097
2045, 16.5614843396
2046, 18.530378278
2047, 20.7800603104
2048, 24.6265213094
2049, 27.8406444464
2050, 29.4579239453
2051, 29.5489370564
2052, 29.5290986396
2053, 30.1034475928
2054, 28.5465059088
2055, 26.7485358553
2056, 24.8204979876
2057, 22.0103921821
2058, 17.6512683843
2059, 13.9048721597
2060, 11.3535504318
2061, 9.89688261109
2062, 8.91398390952
2063, 8.841361011
2064, 8.66286617068
2065, 7.64909697127
2066, 7.02713088849
2067, 7.26627671226
2068, 8.44071676099
2069, 8.85220594152
2070, 8.77193551732
2071, 8.32029569943
2072, 7.44646249806
2073, 6.02196849053
2074, 5.84895776157
2075, 6.37321531002
2076, 6.90589664634
2077, 6.76753713947
2078, 5.92392502559
2079, 6.52632793715
2080, 8.5947268757
2081, 10.8341075841
2082, 12.5394488598
2083, 13.9560031157
2084, 15.2641195769
2085, 17.0599309524
2086, 19.4742356784
2087, 21.8383858807
2088, 23.274945752
2089, 24.0305599147
2090, 22.8758769603
2091, 20.907520717
2092, 18.2558957541
2093, 16.0441750118
2094, 13.7519397841
2095, 12.1242293698
2096, 9.35821829978
2097, 7.0322869704
2098, 5.91751117074
2099, 5.03181471284
2100, 5.5136286782
2101, 6.9496546108
2102, 8.1149431347
2103, 9.41080347223
2104, 10.6263150602
2105, 11.0380496321
2106, 11.7210235745
2107, 11.9942997214
2108, 12.4863754551
2109, 12.7976653284
2110, 12.0242744494
2111, 11.8332003944
2112, 12.0241017168
2113, 12.4960696784
2114, 12.7069778376
2115, 13.4099489675
2116, 15.7598481508
2117, 17.1641976797
2118, 19.6748318183
2119, 20.7299330832
2120, 21.4858788029
2121, 20.9237384261
2122, 21.4258455056
2123, 21.8993326021
2124, 22.3407663299
2125, 22.0795021786
2126, 19.671604641
2127, 18.637453922
2128, 16.0360953607
2129, 14.5194355271
2130, 13.7237982417
2131, 13.2718240869
2132, 12.8095937337
2133, 12.2850217099
2134, 12.545850038
2135, 12.5659346883
2136, 12.8758537265
2137, 12.063015195
2138, 11.3702492635
2139, 11.4102081034
2140, 10.7872586493
2141, 10.586065353
2142, 9.35070418961
2143, 8.5069230374
2144, 7.0403976771
2145, 6.65231735871
2146, 5.85918299084
2147, 5.98006715712
2148, 6.48227058272
2149, 6.41400035922
2150, 7.94015639601
2151, 8.85396605811
2152, 10.5914773437
2153, 12.097926604
2154, 14.3094149947
2155, 15.0789333337
2156, 17.4795124288
2157, 20.0609250817
2158, 20.2523919594
2159, 20.1202667675
2160, 18.6240888042
2161, 17.4288901342
2162, 15.4798975787
2163, 13.0991036771
2164, 10.2244617217
2165, 9.0087437222
2166, 7.51400506162
2167, 6.18812862712
2168, 6.79280501137
2169, 8.11885159808
2170, 9.37467198521
2171, 10.3994023117
2172, 11.7774124177
2173, 13.022800866
2174, 14.257967653
2175, 14.1775057858
2176, 13.9345196625
2177, 13.2315473123
2178, 12.3055788105
2179, 11.1003523878
2180, 10.7185849654
2181, 11.3409856309
2182, 11.4995708955
2183, 11.1884078471
2184, 10.3050101701
2185, 10.1645187722
2186, 11.2990055562
2187, 11.4997130766
2188, 12.7468064895
2189, 14.183166212
2190, 15.6115506211
2191, 16.5354352588
2192, 16.6261602321
2193, 17.2693134888
2194, 18.4445488368
2195, 17.7518472113
2196, 15.6627514753
2197, 14.5578902061
2198, 12.8080851598
2199, 11.3612624013
2200, 9.60137544192
2201, 7.27136346982
2202, 6.68885557567
2203, 5.43364002459
2204, 5.06184873503
2205, 5.86518610312
2206, 6.80130775969
2207, 7.40408078986
2208, 7.65735217347
2209, 7.15538934008
2210, 6.53270879621
2211, 6.44218836212
2212, 5.39756485331
2213, 5.29696859637
2214, 4.86482619513
2215, 4.15172918344
2216, 4.03915577465
2217, 5.38471241371
2218, 5.66624477568
2219, 6.09838256955
2220, 8.28772314777
2221, 10.0052547922
2222, 12.0639489607
2223, 14.0424819362
2224, 14.667779322
2225, 14.4675159923
2226, 14.8691274169
2227, 14.0273108029
2228, 13.5029241604
2229, 12.839982557
2230, 10.650699459
2231, 8.76252208361
2232, 6.76352001393
2233, 5.50759619433
2234, 5.23422056469
2235, 6.2083952009
2236, 6.93134891786
2237, 8.45597091188
2238, 10.2238491538
2239, 12.0420571044
2240, 13.288021113
2241, 14.5036180547
2242, 15.548070659
2243, 15.3972822568
2244, 15.3066759472
2245, 14.7542549491
2246, 13.5891422928
2247, 12.002098441
2248, 11.0278113527
2249, 9.76243834006
2250, 8.84867233392
2251, 7.73404721459
2252, 7.39237601624
2253, 8.46642818456
2254, 9.78164627579
2255, 11.7198825557
2256, 12.855211323
2257, 13.3098734061
2258, 14.093553616
2259, 15.0277219239
2260, 15.7628513271
2261, 17.4739032602
2262, 18.4781680792
2263, 17.5944303114
2264, 16.148235618
2265, 14.1498233735
2266, 13.1674196355
2267, 13.345708697
2268, 12.71278741
2269, 11.6504300401
2270, 11.0762223864
2271, 9.28485294853
2272, 8.44084429115
2273, 9.50471307785
2274, 9.8460914512
2275, 10.9809831147
2276, 11.5819443981
2277, 10.066146241
2278, 8.77077270142
2279, 8.34701704144
2280, 8.22629287922
2281, 9.32030378215
2282, 10.1151591432
2283, 10.2776407783
2284, 11.7560358736
2285, 13.3229012039
2286, 12.881791039
2287, 14.4309107933
2288, 15.7991309202
2289, 17.3377074655
2290, 17.8496044331
2291, 16.7650631162
2292, 15.0960253638
2293, 12.974780092
2294, 10.3109884348
2295, 7.02641171205
2296, 6.53398700258
2297, 6.17017964076
2298, 6.73037582602
2299, 8.14622057457
2300, 10.0145231232
2301, 12.3390544357
2302, 14.5792443556
2303, 17.1807791287
2304, 19.4406595471
2305, 21.0878699202
2306, 21.981814623
2307, 21.6606687859
2308, 20.8771906077
2309, 19.1273469417
2310, 17.1386560527
2311, 15.0657828263
2312, 13.1876481319
2313, 10.7269991458
2314, 9.34061312348
2315, 8.66737013948
2316, 7.81366713317
2317, 9.08882747802
2318, 10.4867460653
2319, 11.762324452
2320, 12.054153469
2321, 12.2076360989
2322, 11.9570196703
2323, 12.3986502368
2324, 12.3497804983
2325, 12.0580999618
2326, 11.505790001
2327, 9.41697869298
2328, 6.90427687388
2329, 4.65438391603
2330, 3.86072679675
2331, 4.19194712397
2332, 4.44302429833
2333, 4.0112998521
2334, 3.39680829609
2335, 2.96502280068
2336, 3.01516480999
2337, 2.89457775109
2338, 3.06529826763
2339, 3.09540940747
2340, 3.15562447878
2341, 2.98278400832
2342, 3.80616226731
2343, 4.79038198395
2344, 5.94540658181
2345, 6.57841754486
2346, 8.49665453179
2347, 10.7061098038
2348, 12.5842579909
2349, 14.4223078184
2350, 15.3087103197
2351, 14.7971566913
2352, 13.5619484875
2353, 12.3565941689
2354, 11.0103350887
2355, 11.0096367749
2356, 10.2358252917
2357, 9.75353490593
2358, 10.2555579505
2359, 11.0491047671
2360, 12.1222205743
2361, 14.2016600591
2362, 17.7570182964
2363, 21.0412343107
2364, 22.97989126
2365, 23.783728845
2366, 22.9408255546
2367, 21.5348929451
2368, 19.6863420389
2369, 17.2654380622
2370, 15.2664797941
2371, 13.338035884
2372, 10.7767673514
2373, 8.64730703763
2374, 8.99835604446
2375, 8.38790705251
2376, 9.00095619926
2377, 10.3288439439
2378, 11.3533827358
2379, 12.180831822
2380, 11.9903405404
2381, 12.7939532116
2382, 13.8882921085
2383, 14.9523947868
2384, 13.9981688304
2385, 13.4544706617
2386, 13.5773741711
2387, 12.5811959404
2388, 11.998228621
2389, 12.41758055
2390, 13.0706543691
2391, 13.422168673
2392, 11.7351702324
2393, 9.68658008065
2394, 8.87285956091
2395, 8.74219012937
2396, 8.66944934288
2397, 9.91435340792
2398, 10.2358379961
2399, 9.88453833367
2400, 10.6079969213
2401, 10.0560435819
2402, 10.6184722151
2403, 11.8636278331
2404, 12.9079645181
2405, 14.0929219198
2406, 14.5066865705
2407, 14.6794312127
2408, 13.7459026736
2409, 12.5792363227
2410, 11.1030422315
2411, 10.269410867
2412, 9.29473781379
2413, 8.67144310688
2414, 7.99827255259
2415, 8.32937116471
2416, 9.23306527869
2417, 8.19714567247
2418, 10.6878910584
2419, 12.8073994056
2420, 15.3786860354
2421, 17.8593657377
2422, 19.4769122102
2423, 19.617955584
2424, 19.3268513053
2425, 18.0211336937
2426, 16.5824117107
2427, 16.1602742417
2428, 14.342116463
2429, 12.9461069761
2430, 11.3091363235
2431, 10.2042406178
2432, 9.94309430028
2433, 10.595837506
2434, 11.4395115245
2435, 13.3275260296
2436, 16.0287885841
2437, 18.8066822871
2438, 19.7432699374
2439, 23.3106950439
2440, 26.5449576361
2441, 28.2023904265
2442, 29.3997409822
2443, 30.8263454315
2444, 32.2144127717
2445, 32.9169314468
2446, 30.9886476973
2447, 28.9442572756
2448, 28.1490411081
2449, 25.1138040496
2450, 21.9196572212
2451, 19.2178753611
2452, 17.669029496
2453, 14.6962790207
2454, 12.5848692555
2455, 10.0536130938
2456, 8.52904440803
2457, 7.32382159482
2458, 5.94801267154
2459, 4.48172506481
2460, 3.52744825424
2461, 3.55736909204
2462, 3.10721218002
2463, 4.18363281504
2464, 3.98289437467
2465, 3.30032147845
2466, 4.01337331307
2467, 4.4754382226
2468, 6.37319871236
2469, 6.70480354315
2470, 6.73543885563
2471, 6.60510549999
2472, 7.01475709033
2473, 7.75527585439
2474, 8.03635528062
2475, 9.86427890786
2476, 8.95909289521
2477, 9.6120413528
2478, 9.34253731601
2479, 10.6078807851
2480, 11.7929397756
2481, 12.3155689389
2482, 12.9182917347
2483, 12.0244131535
2484, 11.8536627777
2485, 11.0701136468
2486, 11.7330983125
2487, 11.4417209398
2488, 11.6422090228
2489, 11.9534123163
2490, 12.3451913433
2491, 14.4441159156
2492, 15.1072538925
2493, 17.0155105902
2494, 17.227004531
2495, 20.3200088532
2496, 23.2543893089
2497, 24.6205411561
2498, 24.7694861299
2499, 23.6356778157
2500, 24.1177561864
2501, 23.1127207379
2502, 22.6803705609
2503, 22.3585596924
2504, 23.594165561
2505, 21.3346018586
2506, 19.0227950563
2507, 18.0909316466
2508, 16.3637570148
2509, 16.1427125837
2510, 14.4050399486
2511, 12.6373158179
2512, 11.0099909406
2513, 8.46889535873
2514, 6.34969779182
2515, 4.50157444204
2516, 3.07536367475
2517, 1.82787778394
2518, 2.13908460271
2519, 2.03863414555
2520, 1.63707412359
2521, 1.70751789972
2522, 2.19959133161
2523, 3.4647592237
2524, 3.62554466687
2525, 3.62580321466
2526, 3.68634914507
2527, 4.69046305282
2528, 6.28864916319
2529, 8.05594065635
2530, 9.46243333523
2531, 10.6682966904
2532, 11.1910708871
2533, 10.1468448908
2534, 10.8496021054
2535, 11.4319620316
2536, 12.6167715312
2537, 12.5461859278
2538, 11.2286269492
2539, 11.7625242714
2540, 14.1424065835
2541, 14.2132271431
2542, 15.4387452245
2543, 18.2512974903
2544, 18.784203648
2545, 22.8105370825
2546, 25.7449074739
2547, 29.2721806955
2548, 30.3476211705
2549, 27.595358966
2550, 23.9000336103
2551, 25.2367026481
2552, 25.2554281648
2553, 24.1699135079
2554, 24.5719913941
2555, 21.4031160122
2556, 18.2377647424
2557, 14.5295052985
2558, 12.8523003261
2559, 12.9928894329
2560, 12.9024153118
2561, 10.228691742
2562, 7.79791878759
2563, 5.82923690508
2564, 4.05148549012
2565, 2.64140846842
2566, 1.84793081524
2567, 0.843621402782
2568, 0.61266574249
2569, 0.853644176029
2570, 2.27950113981
2571, 2.3198369398
2572, 3.01288324404
2573, 3.78639965567
2574, 4.03780001464
2575, 5.54386753099
2576, 6.2267986411
2577, 6.96016280358
2578, 7.27171829942
2579, 7.64350136189
2580, 8.10705780969
2581, 9.59318871089
2582, 10.2661166639
2583, 10.6983095205
2584, 14.1931300506
2585, 17.3260854234
2586, 18.5618235879
2587, 20.2516978072
2588, 21.6287312642
2589, 21.7498958594
2590, 21.9479507572
2591, 23.1523845796
2592, 26.7569822338
2593, 26.2655702045
2594, 22.8619024031
2595, 18.805012054
2596, 17.288553797
2597, 17.0881575555
2598, 17.3183298462
2599, 17.9211894149
2600, 17.1181144187
2601, 15.1300953631
2602, 11.3135722183
2603, 11.2130423692
2604, 10.8615883669
2605, 10.2690007303
2606, 9.60611830757
2607, 7.37229911186
2608, 5.45372043644
2609, 4.22825472901
2610, 3.91667667898
2611, 3.31416332249
2612, 2.20956387261
2613, 1.62724865582
2614, 1.61736535562
2615, 1.63728675339
2616, 1.70741245787
2617, 1.72748587348
2618, 1.99859976891
2619, 2.92232587076
2620, 2.21939498655
2621, 2.43040999703
2622, 2.76204577467
2623, 3.46515675691
2624, 5.45321807043
2625, 6.49768590218
2626, 8.61674796355
2627, 11.6417136173
2628, 20.5325853705
2629, 24.9418306437
2630, 26.8217561572
2631, 27.5771404558
2632, 28.0810487087
2633, 29.7271114611
2634, 32.2253938297
2635, 33.2513907444
2636, 31.4745846071
2637, 29.1836432508
2638, 21.3962145882
2639, 19.0767855714
2640, 18.60406266
2641, 20.8253586795
2642, 22.8666017539
2643, 21.8531738516
2644, 19.0812944239
2645, 17.0109740685
2646, 16.5993544342
2647, 15.8857932702
2648, 15.1621394852
2649, 11.9759780404
2650, 10.2985840885
2651, 6.88191635606
2652, 3.95739155103
2653, 2.60140800998
2654, 1.37582609044
2655, 1.6068005908
2656, 2.43025288581
2657, 3.38433847279
2658, 5.23199265829
2659, 6.07595065396
2660, 6.51838307371
2661, 6.69967320064
2662, 9.86280870466
2663, 12.9353669585
2664, 12.8955092649
2665, 13.1874277062
2666, 13.8227758531
2667, 12.8488729527
2668, 12.2671569349
2669, 14.0742598809
2670, 16.2436712732
2671, 16.2343367471
2672, 13.6739723144
2673, 11.5651602066
2674, 14.0148880843
2675, 14.3659746946
2676, 14.6752187739
2677, 16.7444633017
2678, 15.2668413635
2679, 12.5351555442
2680, 10.0544047918
2681, 10.4961503899
2682, 9.95338247451
2683, 9.0190756659
2684, 6.11655693256
2685, 5.18261629933
2686, 3.45501566981
2687, 1.66709479807
2688, 1.70717908654
2689, 2.45029864385
2690, 3.54493692854
2691, 3.25398363484
2692, 3.84672089817
2693, 4.14824096916
2694, 6.17664410221
2695, 8.46803716635
2696, 9.35411283579
2697, 10.7503539784
2698, 11.8957347437
2699, 12.2375002508
2700, 11.6649182202
2701, 13.1712079046
2702, 14.1553648414
2703, 13.9245972438
2704, 12.5787881242
2705, 11.3515925592
2706, 13.0463669609
2707, 12.323047538
2708, 12.162444783
2709, 11.5403862228
2710, 10.8881593681
2711, 9.10026092239
2712, 7.47298256722
2713, 7.39235197362
2714, 6.80953712272
2715, 6.66863781835
2716, 5.27236791628
2717, 5.87484093152
2718, 5.48335559396
2719, 6.23694748656
2720, 7.26366355377
2721, 8.40867831746
2722, 11.8126893895
2723, 14.9278411531
2724, 18.9650724135
2725, 21.2754927956
2726, 21.1664132691
2727, 20.1729614345
2728, 19.6107545128
2729, 19.5398669662
2730, 19.798044043
2731, 20.5526341737
2732, 17.690546312
2733, 14.5957230786
2734, 10.4580990037
2735, 7.24420311961
2736, 6.12897186607
2737, 5.55613429345
2738, 5.03380846932
2739, 4.25031665258
2740, 4.19979338226
2741, 3.36408178131
2742, 3.97677681669
2743, 5.41311052896
2744, 7.03032766554
2745, 8.17546256681
2746, 11.4792759416
2747, 12.7752706741
2748, 16.8625009979
2749, 20.8293477787
2750, 24.1940826587
2751, 23.3216068029
2752, 22.2683109504
2753, 20.8226620646
2754, 19.2051567127
2755, 20.7698561539
2756, 19.3628904584
2757, 18.8009177717
2758, 14.7842635489
2759, 10.4764592545
2760, 5.94675165421
2761, 5.72521434168
2762, 5.6244169579
2763, 5.6343703491
2764, 6.13644533127
2765, 4.17780355879
2766, 3.12317120752
2767, 3.47468135646
2768, 4.67999402745
2769, 5.19254998783
2770, 6.93993623172
2771, 9.11919404584
2772, 11.3889240198
2773, 16.8717249375
2774, 18.7104456419
2775, 19.1735537655
2776, 18.5920449954
2777, 17.4980715226
2778, 16.2922149054
2779, 15.8192213149
2780, 14.1816536699
2781, 11.9920253509
2782, 9.72222850643
2783, 4.17819398167
2784, 1.86816620116
2785, 0.753251606285
2786, 0.492114113452
2787, 0.622666404368
2788, 1.45606131871
2789, 2.86186794238
2790, 3.9766477254
2791, 4.65993497542
2792, 5.36340242639
2793, 6.02654744339
2794, 7.41425782943
2795, 9.74372821057
2796, 12.0434966164
2797, 14.6548151639
2798, 17.838536216
2799, 21.7252201694
2800, 24.4272616123
2801, 23.8563816942
2802, 23.4859627244
2803, 23.8075646714
2804, 24.5777044917
2805, 23.0800325122
2806, 22.2360419418
2807, 20.4387930432
2808, 17.2051709917
2809, 13.0268177964
2810, 10.7465819256
2811, 13.5281145932
2812, 14.6531723748
2813, 15.4870644597
2814, 15.7382989267
2815, 21.221044289
2816, 24.0731769949
2817, 23.1807930239
2818, 22.3587228868
2819, 21.4658229498
2820, 20.4104248969
2821, 18.9823299501
2822, 18.3591301906
2823, 18.1282032631
2824, 16.280678384
2825, 10.5460943348
2826, 7.11113313199
2827, 7.72381061854
2828, 9.72194275961
2829, 10.6960777331
2830, 12.4655369302
2831, 15.889593362
2832, 19.2040166326
2833, 21.9037749913
2834, 24.1143461056
2835, 24.3569545347
2836, 23.5441216706
2837, 22.9112519818
2838, 20.9219515022
2839, 19.8464003304
2840, 18.6905414633
2841, 14.7533439891
2842, 11.5796868639
2843, 8.38811161377
2844, 6.57052621618
2845, 5.98824248604
2846, 6.8518694863
2847, 7.36414413906
2848, 9.74387685051
2849, 12.0956119153
2850, 13.7205862465
2851, 16.2214464412
2852, 23.1927212226
2853, 27.5017876115
2854, 29.73458757
2855, 29.4655193957
2856, 28.5933386004
2857, 28.0506134796
2858, 25.6788300235
2859, 23.5362351296
2860, 20.9044045874
2861, 17.449582531
2862, 9.51333909861
2863, 4.19030790583
2864, 0.984389958187
2865, 0.924028551956
2866, 1.09468908894
2867, 1.26543178534
2868, 1.23534559919
2869, 1.08467124473
2870, 1.15496554002
2871, 1.78759766751
2872, 2.89217787489
2873, 3.55514292805
2874, 5.76445282366
2875, 7.70287152564
2876, 9.3803191869
2877, 12.6642808803
2878, 16.0791837442
2879, 19.0642671562
2880, 19.4367865806
2881, 18.8753783727
2882, 18.0620963927
2883, 17.7301804938
2884, 15.6001408919
2885, 13.6311718498
2886, 11.7832043111
2887, 8.62948852561
2888, 5.90744659336
2889, 3.2438099665
2890, 3.14341389373
2891, 4.4289117523
2892, 7.01968304134
2893, 9.87171318697
2894, 12.8045146418
2895, 15.338086248
2896, 18.2111294552
2897, 22.8709583985
2898, 23.1147108482
2899, 23.1755282404
2900, 23.2362184574
2901, 22.1919173271
2902, 19.3387609445
2903, 16.0840279062
2904, 13.091005463
2905, 10.5880663112
2906, 7.93637499276
2907, 3.24594381783
2908, 3.22368558816
2909, 4.06712341531
2910, 4.18781834181
2911, 5.15208106901
2912, 8.38770759054
2913, 10.6978251053
2914, 12.2668647851
2915, 12.2476796278
2916, 12.5797228954
2917, 13.5335037726
2918, 13.4124030954
2919, 12.0161239839
2920, 11.2228883042
2921, 9.96770729315
2922, 6.87211285481
2923, 4.94337825156
2924, 3.36450105697
2925, 3.364592039
2926, 3.44486388059
2927, 3.71572857866
2928, 4.2578951342
2929, 6.70823043192
2930, 7.75332537939
2931, 7.73407650208
2932, 7.70430698224
2933, 7.83486508621
2934, 8.19598872322
2935, 8.20564833236
2936, 7.52272392759
2937, 6.04645678922
2938, 4.69054911197
2939, 2.25983402548
2940, 1.3156610637
2941, 1.57675183145
2942, 1.98037718087
2943, 2.49243845412
2944, 3.1954294707
2945, 5.11357345716
2946, 5.81702631035
2947, 6.31962679959
2948, 7.28392025837
2949, 7.7460588404
2950, 7.68572750459
2951, 7.46468220081
2952, 7.34213555011
2953, 6.32767554769
2954, 5.24282606198
2955, 3.66586396415
2956, 3.47500747829
2957, 3.49499178851
2958, 3.00282896863
2959, 3.44472846541
2960, 4.74027023554
2961, 5.69446557652
2962, 5.97584246719
2963, 7.31169323872
2964, 7.56313695914
2965, 7.2318257636
2966, 7.01079410267
2967, 6.85003563403
2968, 6.95015753925
2969, 6.67871808596
2970, 6.43760620749
2971, 5.67458357269
2972, 5.0421230428
2973, 3.86714630283
2974, 4.06793284322
2975, 4.34891890861
2976, 4.73033544578
2977, 5.19229256515
2978, 4.73055404027
2979, 10.8695220883
2980, 10.8695220883
2981, 10.8695220883
2982, 10.8695220883
2983, 10.8695220883
2984, 10.8695220883
