0, 8.7643032997
1, 8.7643032997
2, 8.7643032997
3, 8.7643032997
4, 8.7643032997
5, 0.0100435755876
6, 0.0100436385277
7, 0.0
8, 0.0
9, 0.0
10, 0.0
11, 0.0100406453759
12, 0.0100419954094
13, 0.090368593642
14, 0.090380914327
15, 0.0903940017369
16, 4.31141510598
17, 4.32203461957
18, 4.33266720346
19, 4.34333771168
20, 4.35405831645
21, 4.39354938493
22, 4.39292042264
23, 4.31261029545
24, 4.31264558499
25, 4.3126770915
26, 0.0903989062972
27, 0.0803478735783
28, 0.0703047455648
29, 0.0703021618416
30, 0.190788577935
31, 0.240995824716
32, 0.271151439524
33, 0.291272503655
34, 0.301354626244
35, 0.311397716112
36, 0.311372613182
37, 0.943920470546
38, 1.11469356797
39, 1.1148026419
40, 0.984354738746
41, 0.924208253274
42, 0.894010671084
43, 0.883848436546
44, 1.07460251377
45, 2.01845917576
46, 2.90417308902
47, 2.28174699425
48, 2.13138967461
49, 2.14168473602
50, 2.16173211412
51, 2.18152718188
52, 3.27584768462
53, 3.85031312355
54, 3.79026264444
55, 2.93680074339
56, 2.15167133809
57, 2.17170849797
58, 2.30202853767
59, 2.29193554802
60, 2.39235450331
61, 2.39236249543
62, 1.3076828374
63, 1.10471938862
64, 1.5967273717
65, 1.57674807857
66, 1.65717733625
67, 1.77783987625
68, 1.76785254973
69, 1.92842284135
70, 1.81792926604
71, 1.80790817882
72, 1.82799889851
73, 1.57686966296
74, 1.15495935694
75, 1.23529595153
76, 1.14494624087
77, 1.01445058525
78, 0.873889390794
79, 0.713177578334
80, 0.923990867043
81, 1.04446189428
82, 1.04449554975
83, 0.954154404675
84, 0.793512275178
85, 0.662944203779
86, 0.582553684145
87, 0.572497802495
88, 0.582545712367
89, 0.582540521716
90, 0.381656837728
91, 0.210916921503
92, 0.622578098126
93, 0.903745513679
94, 0.954040542029
95, 1.03447852483
96, 1.03462119842
97, 1.10491607759
98, 1.17512454519
99, 1.22530499144
100, 1.23534560551
101, 1.29561456053
102, 0.913961884674
103, 0.863690451048
104, 0.823536509504
105, 0.733190667122
106, 0.753318277978
107, 0.693092245111
108, 0.823564935546
109, 1.13479635054
110, 1.41600389264
111, 1.56672055366
112, 1.64718506766
113, 1.50665478252
114, 1.53678725476
115, 1.53676296719
116, 1.55681666919
117, 1.5869286201
118, 1.38604818102
119, 1.22527669752
120, 0.934036990433
121, 0.753276299787
122, 0.672935650653
123, 0.763303588192
124, 1.11471093499
125, 1.33566965958
126, 1.57676293148
127, 1.71748029369
128, 1.80797475928
129, 1.76776940966
130, 1.79789494895
131, 1.86816952522
132, 1.85810515143
133, 1.72752859455
134, 1.32577609761
135, 1.12490335312
136, 0.893894077713
137, 0.773362790091
138, 0.68297773634
139, 0.823504109335
140, 0.98419218511
141, 1.31557467904
142, 1.77754711479
143, 2.55085087373
144, 3.12339398548
145, 3.72609318694
146, 4.36896501012
147, 5.01181908261
148, 5.61443741493
149, 5.65468011188
150, 5.45397673287
151, 5.19285365936
152, 4.93161382591
153, 4.60995910526
154, 4.0776238593
155, 3.50522823718
156, 2.97299021141
157, 2.43065506056
158, 1.86814602273
159, 1.54671703379
160, 1.57688383049
161, 1.49652036956
162, 1.24541122704
163, 0.713107815582
164, 0.843624202346
165, 0.823557838572
166, 0.843607767348
167, 1.01430135775
168, 1.11480687733
169, 1.08474756311
170, 1.24545033095
171, 1.35593843874
172, 1.76760310632
173, 2.68134063397
174, 3.19357765716
175, 3.94690736163
176, 4.25846820452
177, 4.37919990647
178, 4.62029444417
179, 5.06215624635
180, 5.14246028278
181, 5.00187797892
182, 4.67045871938
183, 4.01755533041
184, 3.31447869662
185, 2.58123281004
186, 2.23972414784
187, 1.83802434194
188, 1.44631700617
189, 1.09476541749
190, 0.996290658211
191, 0.986245364624
192, 0.996277023005
193, 0.97616906031
194, 1.12684379495
195, 1.11682126202
196, 1.06662046784
197, 1.31768804017
198, 1.73943758412
199, 1.97040990798
200, 3.3641407244
201, 4.41874183508
202, 4.91113314723
203, 5.09418378884
204, 5.36567946252
205, 5.57660654422
206, 5.8977044362
207, 5.70682880986
208, 5.30513056649
209, 5.04399222265
210, 3.56756985068
211, 2.63340488748
212, 2.1211311755
213, 1.81784779702
214, 1.55672173118
215, 1.4161312882
216, 1.00438956825
217, 0.954184233835
218, 1.21526685529
219, 1.23535561907
220, 1.29558869868
221, 1.40605153412
222, 1.4362591721
223, 1.3760138322
224, 1.3458761531
225, 1.74751839169
226, 1.89817556763
227, 2.06892354941
228, 2.63125463527
229, 3.15357201904
230, 3.7661639242
231, 4.02738758331
232, 4.34900892219
233, 4.49977980484
234, 4.3793251557
235, 3.89719595733
236, 3.7966586565
237, 3.76638712794
238, 3.16366181365
239, 2.62134208572
240, 2.05891657
241, 1.60701862138
242, 1.27559916889
243, 1.09479893405
244, 1.12493387431
245, 1.3879583805
246, 1.47833155715
247, 1.38796019391
248, 1.33776376937
249, 1.43825646569
250, 1.23741578634
251, 1.35785703396
252, 2.01249594084
253, 2.77568553094
254, 3.93053921643
255, 4.55138804732
256, 5.7968882113
257, 6.44998046563
258, 7.15317073918
259, 7.73576434531
260, 7.93682297819
261, 8.16776186463
262, 7.77400368313
263, 7.13118875272
264, 5.96803126129
265, 5.17457040704
266, 3.87892903171
267, 3.34650211306
268, 2.71368341995
269, 2.19143146402
270, 2.15130321948
271, 1.9002527347
272, 1.54879779787
273, 1.45839643247
274, 1.51663914164
275, 1.61700267279
276, 1.59689591164
277, 1.50650838637
278, 1.47638870846
279, 1.43623915715
280, 1.41614801659
281, 1.43622795254
282, 2.14919320051
283, 2.39026873792
284, 4.14748791748
285, 4.32853685856
286, 5.48359609605
287, 6.14665194873
288, 6.8398632908
289, 7.45244719456
290, 7.92453192052
291, 8.33636027832
292, 7.94470254172
293, 8.22585425044
294, 6.55862043054
295, 6.30753918082
296, 5.3734245943
297, 4.70052060812
298, 3.99741219719
299, 3.454993913
300, 3.14363759622
301, 2.58124153392
302, 2.25990780114
303, 1.67741783083
304, 1.47653599467
305, 1.50653491754
306, 1.59678398982
307, 1.55666015558
308, 1.48641367635
309, 1.40614206266
310, 1.3760195874
311, 1.37600812722
312, 1.73945392482
313, 2.46246986566
314, 3.24579947086
315, 4.53115049668
316, 5.31463271784
317, 6.71079701553
318, 7.53463703288
319, 8.23188090099
320, 8.63374694997
321, 9.01547478357
322, 9.44518099977
323, 9.24618314802
324, 8.85446835906
325, 7.75969933854
326, 6.92613752827
327, 5.62047908335
328, 4.90730867946
329, 4.31074032819
330, 3.93908211934
331, 3.57753394323
332, 2.8042513684
333, 2.2900812191
334, 1.94857348638
335, 1.5568117516
336, 1.36589321983
337, 1.87793215619
338, 1.76753092991
339, 1.7274241642
340, 1.75763120203
341, 1.90840600064
342, 1.92848396033
343, 2.85419523954
344, 3.03508103046
345, 3.47699611504
346, 4.74223015722
347, 5.86697770496
348, 7.18265890569
349, 8.36791456285
350, 9.06142516603
351, 10.4374939808
352, 12.3996627017
353, 13.5524610426
354, 15.0088407677
355, 16.4151390912
356, 16.638334284
357, 16.1061754205
358, 16.0979859138
359, 15.2947240524
360, 14.9853749416
361, 14.0612457052
362, 13.0145653644
363, 11.6183304021
364, 10.5637242484
365, 9.14770353863
366, 7.84015992415
367, 6.77554378544
368, 5.65866135753
369, 5.38738987264
370, 4.91331920154
371, 4.25052009283
372, 3.30450290943
373, 2.62154628187
374, 1.9987855341
375, 1.64715766423
376, 1.78760696866
377, 1.91814927212
378, 1.74946693218
379, 1.70129963477
380, 1.85201637104
381, 2.01275161007
382, 2.6654142983
383, 2.73583736364
384, 3.07732810504
385, 4.79432193122
386, 5.51741201055
387, 6.53176880002
388, 7.76531355865
389, 9.031141844
390, 9.87491352458
391, 11.2808953759
392, 11.3433876844
393, 11.6650139501
394, 13.3519240125
395, 12.9701528547
396, 13.4218907412
397, 13.7432537328
398, 13.4625566208
399, 12.7577740265
400, 12.2656916401
401, 11.6529678831
402, 11.1889550106
403, 11.3193837593
404, 9.84290572896
405, 8.99113797582
406, 7.84604567557
407, 7.11272346149
408, 6.51021931496
409, 5.66676783361
410, 4.94375732625
411, 4.0198085874
412, 3.76859055033
413, 3.35655897848
414, 3.54712869556
415, 3.42462981704
416, 3.11338250362
417, 2.44059133435
418, 2.33020181617
419, 2.52102953231
420, 2.59128380301
421, 3.25401016425
422, 4.31843419458
423, 6.68818062428
424, 8.18451772961
425, 9.74158242541
426, 11.1783725616
427, 12.3961547048
428, 13.6215547042
429, 15.5916791493
430, 17.1182138364
431, 16.777114016
432, 15.9237892402
433, 15.2806690185
434, 14.7880650671
435, 14.6489190565
436, 14.4782691762
437, 13.8743527732
438, 12.9507162595
439, 11.5325952399
440, 10.1264488227
441, 10.3571741654
442, 10.6181568026
443, 9.48309898534
444, 8.05689639137
445, 6.54845405957
446, 5.38349002701
447, 4.48972296438
448, 3.80671937511
449, 3.22409146981
450, 3.02319583755
451, 2.46068249736
452, 2.01071102108
453, 1.99045505164
454, 1.75950231879
455, 1.46831721832
456, 1.20729675276
457, 1.71949858512
458, 1.89016595584
459, 1.81982606202
460, 2.65330226223
461, 4.2218238801
462, 6.53952510545
463, 7.24274205061
464, 8.23759902333
465, 10.1059558652
466, 11.5423793674
467, 12.8678425485
468, 14.5287930534
469, 16.1158775214
470, 15.7246094882
471, 15.1703201176
472, 14.8826533219
473, 15.284081625
474, 15.5149258806
475, 15.035004217
476, 14.4750541111
477, 13.3804301686
478, 12.8216223406
479, 11.7609639083
480, 11.9517316922
481, 11.3692247496
482, 9.5274646841
483, 8.17143774072
484, 7.18707131889
485, 5.77901044187
486, 4.87310162945
487, 4.22027685818
488, 2.94686999185
489, 2.33015652525
490, 1.77769871081
491, 1.8378368459
492, 1.68724147174
493, 1.99039078552
494, 2.21138633085
495, 2.26184025844
496, 3.58928080274
497, 5.55748476876
498, 7.7387219313
499, 9.55668622467
500, 10.9332234235
501, 11.9681588117
502, 13.2538683508
503, 13.9648185971
504, 15.2601364703
505, 16.0236199827
506, 15.7003480338
507, 15.7402719287
508, 15.9528341338
509, 16.2639577576
510, 16.3445708512
511, 15.9855808839
512, 15.5942254928
513, 14.7706536566
514, 13.7861119221
515, 13.7156079087
516, 13.6250388094
517, 11.7690668845
518, 9.78664701001
519, 8.10939093374
520, 6.69326882088
521, 5.54623866084
522, 4.59209440988
523, 3.98947811512
524, 3.32644598716
525, 2.54300587541
526, 1.88006293331
527, 1.82787418205
528, 2.02864980169
529, 1.93826251897
530, 2.32998856512
531, 2.36030679936
532, 2.4910094917
533, 3.13364075176
534, 6.02517942088
535, 8.95744465005
536, 9.82173932638
537, 11.2525344898
538, 12.2997259544
539, 13.8282779364
540, 14.7739114284
541, 16.1900074012
542, 17.2247402056
543, 18.1085454727
544, 16.732535693
545, 15.6094509187
546, 16.5835247994
547, 16.2503690563
548, 15.7886457413
549, 14.8949144439
550, 14.471087873
551, 14.239804487
552, 14.0187409488
553, 12.9261010515
554, 11.4799839719
555, 10.2225888334
556, 8.5853576341
557, 7.4483345034
558, 6.25117127236
559, 5.27506026715
560, 4.25061417103
561, 2.98500521432
562, 2.09103190652
563, 1.92825929351
564, 1.64709269602
565, 1.20518974898
566, 1.60872461646
567, 2.01049414963
568, 2.61308150757
569, 3.30614478024
570, 3.86878806555
571, 6.05786185252
572, 8.6085203863
573, 11.1393416433
574, 13.4295912127
575, 14.6557878055
576, 15.921577645
577, 16.9380364463
578, 17.6710755558
579, 18.7253154115
580, 20.703673031
581, 20.3139409227
582, 19.2594819569
583, 18.0966234281
584, 17.4941188421
585, 18.0764243179
586, 17.813088556
587, 17.5019042894
588, 17.8032524295
589, 17.3915672583
590, 16.0356988865
591, 14.6378289591
592, 13.583350778
593, 12.4162839908
594, 10.8293807323
595, 8.95106885787
596, 7.15321432683
597, 6.01628272565
598, 4.48951963994
599, 3.17376329318
600, 1.95852915657
601, 1.70742975464
602, 1.24543478061
603, 0.863733189606
604, 1.01433296322
605, 6.87001546153
606, 6.96119159099
607, 6.87168058557
608, 6.74204614143
609, 7.20481658542
610, 8.01723237744
611, 8.22731311092
612, 10.1391844204
613, 11.5152702875
614, 11.6563872625
615, 7.25530425333
616, 7.86835464917
617, 9.02327618879
618, 9.69601178717
619, 9.29456370219
620, 8.52133718353
621, 8.3404858667
622, 7.21132523501
623, 7.47180304926
624, 8.31539380302
625, 8.12476469466
626, 7.4726200056
627, 7.17156163081
628, 6.71967693163
629, 6.92040557493
630, 8.00463720161
631, 7.97464170153
632, 7.76367740984
633, 6.84962268024
634, 6.53833197326
635, 6.18662620163
636, 6.98010229588
637, 7.1208302866
638, 7.91431594126
639, 8.10530765626
640, 7.58309473172
641, 7.57320556532
642, 7.38231205435
643, 7.53261594145
644, 7.29146422002
645, 6.4178556282
646, 5.57439893439
647, 4.66060097083
648, 3.66620339339
649, 3.16381300099
650, 2.57116431141
651, 2.66150171618
652, 2.50074603179
653, 1.68722801845
654, 1.43610674706
655, 1.35592091851
656, 1.29574935077
657, 1.20536688773
658, 1.5367055798
659, 1.90816965004
660, 2.36004285684
661, 2.78185748436
662, 3.63746118075
663, 3.85861311682
664, 4.4913203707
665, 4.74268636707
666, 5.08432164785
667, 5.16467738392
668, 5.04413079089
669, 4.87325396577
670, 4.50156042592
671, 4.19012153033
672, 3.12359070574
673, 3.08336397682
674, 2.25977480329
675, 2.37025629824
676, 3.31405352189
677, 5.51318598927
678, 7.73260302139
679, 9.06877236645
680, 9.05973084122
681, 9.33143852074
682, 11.7714628516
683, 12.9480397714
684, 13.8818296224
685, 14.506874725
686, 15.1017309751
687, 14.2800441228
688, 13.5063988797
689, 13.5887305047
690, 14.834430017
691, 15.8006128533
692, 14.2740912597
693, 13.4386258193
694, 13.2577260828
695, 12.7937959399
696, 11.59646883
697, 11.1623670272
698, 10.0074400636
699, 8.65970153276
700, 7.36423410289
701, 5.81564193673
702, 4.91159433867
703, 4.28869387899
704, 3.31439888888
705, 3.16363448715
706, 2.71167639735
707, 1.87808126417
708, 1.60692745168
709, 1.74756227016
710, 1.74765684181
711, 1.72760768961
712, 1.96860799928
713, 2.32004672236
714, 2.97269329694
715, 3.37434863947
716, 3.49505804092
717, 3.75633409241
718, 3.95729697314
719, 4.63003497322
720, 5.36309554023
721, 5.79505685055
722, 5.82537831476
723, 5.42388432709
724, 4.76101201991
725, 4.00758550199
726, 4.26844452068
727, 4.94101333323
728, 5.45315631884
729, 6.1560744269
730, 6.40951774432
731, 7.26346197185
732, 8.32814028985
733, 9.32264040092
734, 10.2767772464
735, 12.5864032846
736, 14.1329727078
737, 14.2536574226
738, 13.3302673858
739, 12.0049745028
740, 13.0670962939
741, 14.3116278068
742, 16.1087036079
743, 16.6917725211
744, 17.7169608205
745, 17.0646346261
746, 16.7552622176
747, 16.2951638897
748, 17.1789674129
749, 17.9422025734
750, 17.2509785296
751, 15.4631319263
752, 13.3759256063
753, 12.9340844261
754, 11.8896104219
755, 11.2266292959
756, 9.92916659273
757, 9.25450408776
758, 8.43096417248
759, 7.29598182253
760, 6.01828169543
761, 5.31505468875
762, 4.40909646979
763, 3.46497059726
764, 2.79205287053
765, 2.00866370753
766, 1.81783667859
767, 2.04885147334
768, 2.16942211411
769, 2.77191533453
770, 3.38450892141
771, 4.06745597075
772, 4.51139881612
773, 4.98356634008
774, 5.62636263777
775, 6.52013710064
776, 6.72111143622
777, 6.7313258723
778, 6.64114565905
779, 5.9884192985
780, 5.37561563705
781, 4.75273099042
782, 5.18223880057
783, 6.19821647617
784, 7.10398878966
785, 7.34510303763
786, 8.47032810971
787, 8.85254452765
788, 10.1180311423
789, 11.0821528909
790, 12.7491172261
791, 14.6169129208
792, 15.8220027072
793, 15.4989435797
794, 13.7099377903
795, 13.0776087891
796, 13.7097772975
797, 15.5369364138
798, 17.0629577834
799, 18.0276207456
800, 18.7232407303
801, 18.342116101
802, 17.5387889261
803, 16.8659284478
804, 18.5850577438
805, 20.1413194553
806, 19.2975140234
807, 17.8112252657
808, 16.6784278388
809, 16.379241105
810, 15.1819485608
811, 14.8705118417
812, 14.3284060495
813, 13.6959835127
814, 11.9665507678
815, 9.78698631887
816, 8.38068561614
817, 7.41618544089
818, 5.70668300655
819, 4.3607880124
820, 3.33636731693
821, 2.23160338839
822, 1.63901877533
823, 2.05078692814
824, 2.99670370951
825, 2.94666445367
826, 4.38264479465
827, 4.97536118193
828, 5.66849084224
829, 6.24897613511
830, 6.68306722355
831, 7.14509839239
832, 7.56681490825
833, 8.43038649797
834, 10.8582091808
835, 12.7263766118
836, 12.5260138155
837, 12.4966535096
838, 12.0554301702
839, 11.2619091081
840, 10.5966204275
841, 10.043910479
842, 10.8205950115
843, 11.3123051784
844, 9.77747982303
845, 9.39812121598
846, 10.2320927131
847, 11.0279044071
848, 11.702997204
849, 12.9784837359
850, 15.0773707191
851, 17.9894425149
852, 19.6923837516
853, 19.0000836916
854, 18.2255154996
855, 18.8282605982
856, 19.0789996958
857, 20.080675531
858, 21.89829658
859, 21.5877576904
860, 20.8449720877
861, 19.6718131908
862, 19.2113851459
863, 20.1149213133
864, 21.8120693983
865, 21.9109110906
866, 20.9071101079
867, 18.9088493682
868, 16.9183072754
869, 16.968250932
870, 16.9576367006
871, 16.6137678493
872, 14.9848327554
873, 13.1272850598
874, 10.3556163184
875, 8.21636387976
876, 6.93056972044
877, 6.43810646581
878, 5.73486451315
879, 4.68031028886
880, 3.35458651006
881, 1.9083003172
882, 0.79347397358
883, 0.592605765548
884, 0.592592893024
885, 1.11465497583
886, 1.47616716515
887, 1.80765010765
888, 2.28976333587
889, 2.60130527474
890, 2.6717432598
891, 3.31635683903
892, 3.71811605911
893, 4.50137660046
894, 5.40515867685
895, 5.41537976464
896, 5.53601607862
897, 5.84742233242
898, 5.90771111855
899, 6.05832720829
900, 6.51025829489
901, 6.61870094005
902, 6.31755007309
903, 5.55433514533
904, 4.74085094085
905, 4.9214014025
906, 5.59389936243
907, 6.4593762552
908, 7.38342495163
909, 8.81982435343
910, 9.94497461682
911, 11.5418667814
912, 13.6108690438
913, 16.4350004745
914, 18.1747819451
915, 19.2195796338
916, 18.4768903655
917, 18.3844839041
918, 19.349940932
919, 20.2652575583
920, 21.329612749
921, 21.6331773229
922, 20.5293901196
923, 19.6237152303
924, 19.5432861473
925, 19.4626947928
926, 20.5872543584
927, 22.0633297882
928, 21.9127296529
929, 20.4446994754
930, 19.018834022
931, 17.6632521222
932, 17.9041950803
933, 17.0923116704
934, 17.1502637464
935, 16.3268463458
936, 14.8407459955
937, 12.1893826776
938, 9.93773251747
939, 8.70213362991
940, 7.47648915984
941, 6.12862480505
942, 4.78282892952
943, 3.74632184846
944, 1.93844777109
945, 0.994316067507
946, 0.913951262722
947, 1.10468301718
948, 1.69709151031
949, 1.99842194149
950, 2.60108037938
951, 2.9829593782
952, 3.13383387204
953, 4.00739005535
954, 4.5296346573
955, 5.24461285318
956, 5.81709636662
957, 6.01813825061
958, 5.91771259639
959, 5.9077011888
960, 5.92774546808
961, 6.10852713031
962, 6.13877426656
963, 5.51608378186
964, 5.0642080775
965, 4.33908744532
966, 3.89701221482
967, 4.70004904015
968, 5.96509993213
969, 7.09999530107
970, 8.16482607256
971, 9.03915658945
972, 10.7467521884
973, 12.4640593166
974, 13.860199827
975, 16.0615843294
976, 17.7791293812
977, 16.925910579
978, 16.7148654196
979, 17.3473942843
980, 17.2066974921
981, 18.0318725817
982, 17.2489457031
983, 17.3796113886
984, 18.0041440858
985, 17.871529066
986, 17.933668694
987, 19.4342619202
988, 19.5549778086
989, 19.253616011
990, 19.5950532844
991, 17.7153406162
992, 18.8398943909
993, 18.429949274
994, 18.3072448142
995, 18.0961213437
996, 17.8835544909
997, 17.0061520952
998, 15.9517379683
999, 14.5959847438
1000, 13.7018459605
1001, 13.7017699266
1002, 12.2150664319
1003, 10.5057862621
1004, 8.53740131761
1005, 6.76963959207
1006, 5.01193344745
1007, 3.88689099869
1008, 3.13354989479
1009, 2.56109689266
1010, 1.5065361822
1011, 1.24537838184
1012, 1.00421372472
1013, 1.40589041285
1014, 2.21933620748
1015, 2.69148452401
1016, 3.424769052
1017, 3.79653283159
1018, 3.77667878642
1019, 4.82095585738
1020, 6.12633278474
1021, 6.76911073954
1022, 7.2009901259
1023, 7.58294116801
1024, 7.41440704153
1025, 7.37616176355
1026, 6.71338529956
1027, 7.56876063001
1028, 8.5126960659
1029, 8.01057067239
1030, 6.83569200646
1031, 6.87598529797
1032, 8.27151481708
1033, 9.68716684362
1034, 11.5450605955
1035, 12.8793780347
1036, 14.9308151362
1037, 15.3610069433
1038, 16.0138834368
1039, 17.2691653271
1040, 19.0768693556
1041, 20.1514702594
1042, 19.5689263572
1043, 18.3840861069
1044, 18.0203788215
1045, 17.5483695094
1046, 17.1846236712
1047, 17.0660075424
1048, 17.2870503366
1049, 17.4897841022
1050, 17.2788867014
1051, 17.2487860864
1052, 17.885385905
1053, 18.7090638337
1054, 18.1166414763
1055, 16.9119369155
1056, 16.2892817436
1057, 15.8350697538
1058, 15.2019362025
1059, 14.7877473246
1060, 14.6873383582
1061, 14.396256375
1062, 12.6350150046
1063, 11.781453115
1064, 11.7832850971
1065, 11.9641807024
1066, 11.5221483007
1067, 11.0521387957
1068, 9.90741992566
1069, 8.41077823915
1070, 6.89411202741
1071, 5.37753849538
1072, 4.7546826343
1073, 3.7502483725
1074, 2.26181565011
1075, 2.08096819398
1076, 1.38797226155
1077, 0.733186662478
1078, 0.703091846225
1079, 0.753289424707
1080, 1.0042541523
1081, 1.3858421488
1082, 2.28963159182
1083, 2.39027786519
1084, 2.67164842408
1085, 3.48507191058
1086, 4.7825164269
1087, 6.1381637611
1088, 7.58642045824
1089, 8.55096756616
1090, 9.09362219192
1091, 10.037697149
1092, 11.4835894585
1093, 12.218892234
1094, 13.4662265831
1095, 14.1091549754
1096, 13.2740361447
1097, 13.072951358
1098, 11.9864048659
1099, 10.962128448
1100, 10.4195046105
1101, 10.9512756495
1102, 11.2318639851
1103, 12.82656156
1104, 12.9556667327
1105, 13.0869305002
1106, 14.3930008656
1107, 14.9152073038
1108, 17.0841270166
1109, 18.1087525067
1110, 20.189591037
1111, 20.2398757171
1112, 18.71358061
1113, 17.9339758787
1114, 17.4841637159
1115, 16.4618194222
1116, 15.6500434622
1117, 15.4489926593
1118, 14.9604616924
1119, 15.5629263663
1120, 15.2596186652
1121, 15.2699111206
1122, 16.0134077075
1123, 15.6882297937
1124, 15.987619994
1125, 16.9899062607
1126, 17.7008818603
1127, 17.9618510095
1128, 16.9838525317
1129, 16.9436949911
1130, 16.122129013
1131, 14.4150252532
1132, 12.5872237361
1133, 11.3619549037
1134, 10.2267753908
1135, 9.07128322172
1136, 8.25742520944
1137, 6.74105871384
1138, 5.70688541331
1139, 4.21051892655
1140, 3.13383726049
1141, 2.9930816387
1142, 3.09340550919
1143, 3.16371002669
1144, 2.8423629759
1145, 2.33013099033
1146, 1.5888896666
1147, 1.62900482668
1148, 2.27163363675
1149, 2.95446499826
1150, 3.72774470275
1151, 4.05944131878
1152, 4.5015785618
1153, 4.85321324284
1154, 4.75292586488
1155, 7.1224418259
1156, 10.1729925418
1157, 12.5332088057
1158, 14.391549199
1159, 14.7944401144
1160, 15.5783790517
1161, 16.1810534759
1162, 15.829578991
1163, 16.4537922346
1164, 18.0101996601
1165, 17.328817675
1166, 15.6313602855
1167, 13.3841517231
1168, 11.1650032655
1169, 10.8334647503
1170, 11.256572535
1171, 12.3527211442
1172, 13.7187305493
1173, 12.7935774295
1174, 11.7094917683
1175, 10.9962746875
1176, 11.4112732722
1177, 13.4092324983
1178, 15.1467568808
1179, 15.8101836427
1180, 13.8405257844
1181, 13.3665354872
1182, 13.3461604689
1183, 13.4365166515
1184, 13.044825739
1185, 13.3641735998
1186, 12.8879935425
1187, 12.1442531419
1188, 12.0656761363
1189, 11.9857728175
1190, 13.3519513135
1191, 13.3821609162
1192, 12.1371988358
1193, 12.9104439988
1194, 14.077316431
1195, 14.0971781471
1196, 13.6450307735
1197, 12.6590027282
1198, 11.1909468257
1199, 10.056091921
1200, 8.77040698942
1201, 7.38423721954
1202, 7.42431147985
1203, 7.65495069859
1204, 7.90383166692
1205, 7.14072468391
1206, 6.47822415989
1207, 6.07688045037
1208, 5.80578489594
1209, 5.49419279471
1210, 5.13244041082
1211, 4.94154737075
1212, 4.67034383716
1213, 3.35458206579
1214, 1.86811313756
1215, 1.41613022965
1216, 1.31566621144
1217, 1.65898205764
1218, 1.78956440228
1219, 1.8399386763
1220, 2.39233841741
1221, 3.25598861285
1222, 3.18584070832
1223, 5.12573956032
1224, 7.72865703849
1225, 10.0988916294
1226, 12.0494838836
1227, 13.1650381996
1228, 14.6318616943
1229, 15.7267777009
1230, 15.2951133693
1231, 15.5860296842
1232, 17.3753540361
1233, 16.5897360372
1234, 15.5128471663
1235, 13.4845675205
1236, 11.5747958326
1237, 10.1265215542
1238, 8.6600342311
1239, 9.77597134408
1240, 11.2119072908
1241, 11.9450547515
1242, 11.1019281097
1243, 11.5141666547
1244, 11.1025228872
1245, 12.4380253662
1246, 13.5226178985
1247, 16.085325821
1248, 17.5919863462
1249, 15.2706879377
1250, 14.4874880687
1251, 14.3969036209
1252, 14.9770616839
1253, 14.3639929514
1254, 14.7055603014
1255, 14.7278643723
1256, 15.1817264737
1257, 14.1551065699
1258, 13.8539761956
1259, 15.0695788714
1260, 15.4614298793
1261, 13.7542913584
1262, 12.6494639609
1263, 12.046688813
1264, 10.8714290969
1265, 9.453017245
1266, 8.25574684917
1267, 7.18103640423
1268, 6.34738459903
1269, 6.06615682038
1270, 5.5540633389
1271, 6.03625323087
1272, 6.47816069584
1273, 7.60283171942
1274, 7.79380133044
1275, 7.63330624542
1276, 7.58321830435
1277, 6.94062043305
1278, 6.25749095288
1279, 5.33333138474
1280, 4.68050573411
1281, 4.02757741322
1282, 3.16375669236
1283, 1.65719365268
1284, 1.45623700712
1285, 1.59676611769
1286, 1.51636254593
1287, 1.7875941341
1288, 1.76772130764
1289, 2.37030664262
1290, 4.09740136648
1291, 4.99125985988
1292, 7.15030447589
1293, 10.0126082485
1294, 11.8911389414
1295, 14.2232115873
1296, 15.1981022021
1297, 16.5744060119
1298, 17.992526499
1299, 17.8641522026
1300, 17.8134722003
1301, 19.0121915132
1302, 18.0279936911
1303, 16.5615373669
1304, 15.3767848323
1305, 12.9447049221
1306, 11.5084877899
1307, 10.1845779584
1308, 10.0113849988
1309, 11.0634586094
1310, 11.6656802978
1311, 10.3063652214
1312, 10.1601819711
1313, 8.87513268396
1314, 8.81480508758
1315, 9.43705942366
1316, 10.8527952326
1317, 10.7204011145
1318, 11.1421147605
1319, 11.9312660688
1320, 11.5173447854
1321, 12.5719184742
1322, 13.2011024606
1323, 14.477066831
1324, 15.8748080307
1325, 16.2865948208
1326, 16.005490363
1327, 17.2628858975
1328, 15.8572019725
1329, 13.6015910362
1330, 11.9865425363
1331, 10.3594042766
1332, 9.09352515674
1333, 8.27969139625
1334, 6.72089543678
1335, 6.17049630768
1336, 5.91946116934
1337, 5.60609505087
1338, 6.45984896284
1339, 7.65505639204
1340, 8.34819009733
1341, 10.0512903327
1342, 10.3930050927
1343, 10.0317235861
1344, 10.0015910711
1345, 9.69837145235
1346, 8.96505068674
1347, 7.71952031555
1348, 6.65496484971
1349, 5.53002468673
1350, 4.67618716425
1351, 2.82224132768
1352, 2.12926150473
1353, 1.95854380096
1354, 1.25548257859
1355, 0.813529529457
1356, 1.12475985953
1357, 1.83772182286
1358, 2.19932162784
1359, 2.1091450384
1360, 2.96280807103
1361, 4.8205282655
1362, 7.24060052155
1363, 9.27132947746
1364, 11.9049529623
1365, 13.7334916915
1366, 15.9733295469
1367, 16.8211924855
1368, 17.7152986843
1369, 19.2317924326
1370, 18.7800878736
1371, 18.741433652
1372, 18.4496831743
1373, 17.8591228765
1374, 16.8868263726
1375, 15.4914176095
1376, 13.1818105077
1377, 11.6211006203
1378, 10.295195753
1379, 9.12973148202
1380, 9.0791994869
1381, 8.15294392794
1382, 6.1745101537
1383, 5.13624108325
1384, 4.7002696055
1385, 6.5780017037
1386, 8.1365559445
1387, 9.73371919693
1388, 10.5178277012
1389, 11.0425332649
1390, 12.1169803117
1391, 13.1609435429
1392, 14.8680080065
1393, 16.1174341213
1394, 16.7905972079
1395, 16.9412485388
1396, 16.4874974711
1397, 16.7706877689
1398, 17.3554341092
1399, 16.972210576
1400, 16.1786813641
1401, 14.7926243925
1402, 13.4466167802
1403, 12.6789676384
1404, 11.3732637225
1405, 9.41481260715
1406, 8.57119537139
1407, 7.55480474909
1408, 6.80955729205
1409, 6.69911913771
1410, 6.38785428704
1411, 6.36775237291
1412, 7.4018775707
1413, 8.32554132944
1414, 7.99449306624
1415, 7.97475963953
1416, 7.84455264241
1417, 7.7641317908
1418, 7.31191259158
1419, 7.09088386504
1420, 6.93026152055
1421, 6.49843938275
1422, 5.30306205591
1423, 3.8787184698
1424, 3.87875909015
1425, 3.5674538093
1426, 3.38672205684
1427, 2.80424728433
1428, 2.71385739596
1429, 2.56320911138
1430, 2.49287830604
1431, 2.40246753776
1432, 2.20152005699
1433, 2.59102251003
1434, 3.49672999874
1435, 3.6796497882
1436, 5.56950509169
1437, 7.70872190305
1438, 10.0408102734
1439, 13.5557503746
1440, 15.3662874554
1441, 18.630557818
1442, 20.8925924422
1443, 21.7186171113
1444, 21.8191560917
1445, 22.6830036365
1446, 22.6825718592
1447, 22.1096846894
1448, 20.8020997455
1449, 17.789403537
1450, 16.1707919648
1451, 13.6497108588
1452, 12.8235021295
1453, 11.7367027785
1454, 10.5397649797
1455, 9.98752148554
1456, 9.11166489433
1457, 8.91035281781
1458, 8.39815070098
1459, 8.0471069506
1460, 8.63984869222
1461, 9.35466780442
1462, 9.3963312453
1463, 10.9125984828
1464, 11.5158084039
1465, 12.0565259904
1466, 12.2072194666
1467, 12.1187091824
1468, 12.8215240372
1469, 13.8259462789
1470, 14.649531022
1471, 14.4808161382
1472, 14.1674936463
1473, 12.6832644317
1474, 12.864166027
1475, 12.0506749809
1476, 11.2269367945
1477, 10.4815074868
1478, 9.61775547736
1479, 8.96489205663
1480, 7.72951149314
1481, 6.88191886135
1482, 6.16872581136
1483, 6.00605614177
1484, 5.46378695261
1485, 5.23283569211
1486, 4.56001241847
1487, 4.76255686659
1488, 5.47734783208
1489, 5.13601764669
1490, 5.06584749862
1491, 5.2167063539
1492, 5.75084105311
1493, 5.63027573136
1494, 5.47974662882
1495, 5.61046043307
1496, 5.82146786952
1497, 5.41947202758
1498, 4.40300791392
1499, 4.36290458235
1500, 3.99134373572
1501, 3.48918986766
1502, 2.48281003956
1503, 2.54294718283
1504, 2.4425546083
1505, 2.16138191944
1506, 1.97062348601
1507, 1.44641561011
1508, 1.31579077182
1509, 1.35585182553
1510, 1.61688978335
1511, 1.58679960495
1512, 1.90815303735
1513, 2.23955072273
1514, 3.23375240359
1515, 4.34846425597
1516, 5.34291374076
1517, 5.49401625926
1518, 5.5345115477
1519, 5.86588973431
1520, 6.13679835381
1521, 6.91174668198
1522, 7.16276211162
1523, 6.68099951422
1524, 5.58653835199
1525, 4.51195764599
1526, 4.20033189788
1527, 5.78661066514
1528, 6.28884363593
1529, 5.74691916997
1530, 5.43591933612
1531, 6.0966426211
1532, 6.9498392437
1533, 7.29129147055
1534, 7.36210334745
1535, 8.14577988863
1536, 8.64779352715
1537, 9.35200764694
1538, 9.98473131683
1539, 11.1803130939
1540, 11.6930335698
1541, 11.8356635246
1542, 11.7449590977
1543, 13.0522699308
1544, 15.4042603552
1545, 16.9630144756
1546, 17.3590376412
1547, 16.0618435081
1548, 15.4195274892
1549, 14.6362531256
1550, 14.3547249074
1551, 13.237544482
1552, 12.224919933
1553, 10.9573403462
1554, 8.98686857953
1555, 7.08671213636
1556, 6.0984213041
1557, 5.56609683502
1558, 5.56609886106
1559, 5.76698136173
1560, 5.62645275101
1561, 5.24687236833
1562, 5.7870277996
1563, 5.90749173253
1564, 5.74690225486
1565, 5.90754236251
1566, 6.11856636943
1567, 6.61254388569
1568, 6.39560296081
1569, 5.99607379164
1570, 5.91585562851
1571, 5.85365253484
1572, 5.17044291431
1573, 4.58781056599
1574, 4.41711290206
1575, 3.77435082629
1576, 3.0411836409
1577, 2.01472126361
1578, 2.12109256799
1579, 1.97854292117
1580, 1.70741901667
1581, 1.58697058239
1582, 1.58693428185
1583, 2.09895213932
1584, 2.40021279852
1585, 3.47670077376
1586, 4.18184288518
1587, 4.74448021699
1588, 6.00975562838
1589, 7.64682363198
1590, 9.35417179871
1591, 11.2925666318
1592, 12.0664314635
1593, 12.307807356
1594, 13.5430099038
1595, 14.2137160138
1596, 15.3162376186
1597, 16.8125720258
1598, 16.5417903998
1599, 15.1162212121
1600, 13.4292198274
1601, 11.7016867374
1602, 11.630783211
1603, 11.9214286549
1604, 10.7262572593
1605, 8.928839499
1606, 7.14143498901
1607, 5.96612867895
1608, 6.05790458649
1609, 6.51981215751
1610, 6.62061932449
1611, 6.952429934
1612, 8.12912916563
1613, 9.61492880849
1614, 9.627264628
1615, 11.023648464
1616, 11.7273879133
1617, 12.1190721062
1618, 11.5561957478
1619, 12.2931175724
1620, 14.381929392
1621, 16.0791862028
1622, 15.6354706851
1623, 14.352251656
1624, 14.3006989199
1625, 13.08566993
1626, 12.6535873769
1627, 11.9802329176
1628, 11.6162967593
1629, 10.8508226422
1630, 9.22384745691
1631, 7.78770778288
1632, 6.95603473365
1633, 6.4036478544
1634, 6.785349575
1635, 7.35790037585
1636, 7.40827584117
1637, 6.97648598828
1638, 6.76553186402
1639, 6.77342080659
1640, 6.65277271756
1641, 6.50202660583
1642, 7.04214446851
1643, 7.50216730627
1644, 7.40195280177
1645, 7.44230252712
1646, 7.31211670176
1647, 7.57324086856
1648, 7.61321495908
1649, 7.62303920656
1650, 7.43218329151
1651, 7.60282693298
1652, 6.74921926025
1653, 5.58437578864
1654, 5.11237751598
1655, 4.72066592718
1656, 4.55996771917
1657, 4.13802440061
1658, 4.1981688903
1659, 4.32054355406
1660, 4.77240182622
1661, 4.97318430417
1662, 6.38915429401
1663, 7.60462518515
1664, 8.16936684102
1665, 9.30633168509
1666, 10.3711821076
1667, 11.6264853993
1668, 12.9318319239
1669, 13.492457494
1670, 13.8039871938
1671, 14.396534898
1672, 13.7538264825
1673, 14.0770330392
1674, 16.0030023322
1675, 16.0615127372
1676, 16.3530045256
1677, 15.3291254086
1678, 13.8631411362
1679, 13.5814790988
1680, 13.3902084469
1681, 12.4578668312
1682, 11.0720481069
1683, 9.77470592748
1684, 8.54903583448
1685, 8.31767784524
1686, 7.10256152429
1687, 7.55472339539
1688, 7.60537696735
1689, 7.926502558
1690, 8.45837741883
1691, 8.76779362697
1692, 9.49119121473
1693, 10.5458849029
1694, 10.3751593494
1695, 10.5375638149
1696, 12.2567860224
1697, 13.6448142799
1698, 14.4185389172
1699, 13.3744879075
1700, 13.0431582382
1701, 12.7518593402
1702, 12.2996893787
1703, 11.6565594395
1704, 11.3049783347
1705, 10.6501059596
1706, 9.36249818739
1707, 7.95454257073
1708, 7.80392892884
1709, 8.23578903273
1710, 8.10513668217
1711, 8.10721485734
1712, 8.50906597839
1713, 8.44880941839
1714, 8.19769843774
1715, 7.88631813791
1716, 7.99671383755
1717, 8.19950004292
1718, 8.65125623718
1719, 8.68146999203
1720, 9.08319767184
1721, 9.59355710175
1722, 8.91104798941
1723, 8.27843349672
1724, 8.31846198254
1725, 8.33834564379
1726, 7.70536636767
1727, 6.97021316142
1728, 5.68487499605
1729, 4.99187313059
1730, 3.84675723178
1731, 3.00298202244
1732, 3.29424138243
1733, 3.92688368524
1734, 4.0473369036
1735, 4.53940997533
1736, 5.93732470088
1737, 7.94588375091
1738, 10.3763065924
1739, 12.0458209651
1740, 13.141093832
1741, 14.8888201914
1742, 16.6604356416
1743, 18.0983633399
1744, 19.7170957731
1745, 20.2698499885
1746, 20.3685283076
1747, 19.4647963787
1748, 18.9624753245
1749, 18.982308827
1750, 20.1691115541
1751, 20.1791814498
1752, 19.2818060166
1753, 19.8621860302
1754, 17.7354864168
1755, 16.6207893599
1756, 15.6564504025
1757, 15.1742843708
1758, 13.2556816408
1759, 11.4256525661
1760, 9.00328120113
1761, 8.31991443857
1762, 8.38989056525
1763, 6.25066648348
1764, 7.00012401631
1765, 7.02068908021
1766, 7.13120934189
1767, 7.33182968335
1768, 9.36021571689
1769, 10.1739076105
1770, 11.5901157619
1771, 11.6907191338
1772, 13.3677637885
1773, 15.4263819821
1774, 15.326444304
1775, 15.1363481227
1776, 15.1186176759
1777, 14.8673587939
1778, 13.2999808615
1779, 13.0385280965
1780, 12.2551661947
1781, 11.5721848985
1782, 9.21192995143
1783, 7.2735093027
1784, 6.61075446468
1785, 6.97428943973
1786, 7.30352409608
1787, 7.09265182468
1788, 7.07260279045
1789, 6.96228469381
1790, 7.01253990535
1791, 7.00233913365
1792, 7.04249798752
1793, 6.96216388752
1794, 7.40612296227
1795, 7.98652571491
1796, 7.94822523572
1797, 8.36006259215
1798, 8.71171830421
1799, 8.24010476327
1800, 7.62754501991
1801, 7.41640462512
1802, 7.68926170843
1803, 7.51835249413
1804, 7.49822448236
1805, 6.67489890383
1806, 5.90979622391
1807, 5.23685286461
1808, 4.55390722575
1809, 4.91539827944
1810, 5.21658062648
1811, 6.12014332902
1812, 7.50379708127
1813, 9.07054808587
1814, 9.99289033977
1815, 10.2447234177
1816, 11.67505645
1817, 13.3540448477
1818, 14.5590905235
1819, 15.1818231752
1820, 16.7084605291
1821, 17.4114458216
1822, 17.0095445934
1823, 17.1701272414
1824, 17.3110609872
1825, 17.9743108564
1826, 17.3377153304
1827, 16.7029324293
1828, 16.1705886579
1829, 16.18046828
1830, 15.1157671605
1831, 12.9164737815
1832, 11.1488783809
1833, 9.1099619618
1834, 7.66545581656
1835, 6.47002012154
1836, 5.59614549226
1837, 5.27462366139
1838, 4.59181864319
1839, 3.61775533055
1840, 3.96905396894
1841, 5.3870661373
1842, 6.1704373447
1843, 7.12458022953
1844, 7.44445267153
1845, 8.06733300233
1846, 8.32841674146
1847, 8.54104082364
1848, 9.34440199138
1849, 11.0234391266
1850, 10.9933765696
1851, 10.6401223031
1852, 10.5600346892
1853, 10.1082530388
1854, 9.5358793537
1855, 9.22432343839
1856, 9.17394502504
1857, 8.53904476187
1858, 8.07690608109
1859, 7.14086180611
1860, 6.60861027581
1861, 6.08642074711
1862, 5.95589196736
1863, 5.28319223484
1864, 5.61456627019
1865, 6.07633700051
1866, 6.57832542672
1867, 6.70882569631
1868, 6.58853274468
1869, 6.64896446059
1870, 7.06262972376
1871, 7.33372049637
1872, 7.33374911011
1873, 8.33205611065
1874, 9.01505170698
1875, 8.53304955612
1876, 7.66947933131
1877, 7.10717587067
1878, 6.98660170309
1879, 6.53438231248
1880, 6.35124819801
1881, 6.46163360997
1882, 6.71280740892
1883, 6.11656444324
1884, 5.25309739493
1885, 5.16276584789
1886, 5.55433000192
1887, 6.22694504138
1888, 6.3574716753
1889, 7.07049028822
1890, 7.47217005279
1891, 7.78356070753
1892, 8.28572664395
1893, 9.28018388834
1894, 11.1883421831
1895, 13.1065067372
1896, 15.1051186597
1897, 15.1257631699
1898, 15.9898763808
1899, 16.4820693541
1900, 15.9497788754
1901, 16.1501768536
1902, 16.6822066583
1903, 16.7526054789
1904, 15.808579968
1905, 14.0312813499
1906, 12.2256530243
1907, 12.3981419187
1908, 11.9459274083
1909, 10.499677866
1910, 9.75660349898
1911, 8.32052354933
1912, 6.40211309054
1913, 5.29698336985
1914, 4.82660744001
1915, 5.27036404152
1916, 4.99738070799
1917, 3.98134690658
1918, 4.07172033901
1919, 5.34900644737
1920, 6.0820649871
1921, 6.85544063272
1922, 7.37809226787
1923, 7.74987985674
1924, 7.94854175346
1925, 8.47851586961
1926, 9.58515075867
1927, 10.6800434347
1928, 10.238533528
1929, 9.32287350203
1930, 8.56979118426
1931, 8.19792887524
1932, 8.22773148725
1933, 8.46848859475
1934, 8.92013936175
1935, 7.95623011036
1936, 7.41205626268
1937, 7.1310273555
1938, 7.7737927213
1939, 8.23568822335
1940, 9.12152501326
1941, 9.36272849662
1942, 9.86686871426
1943, 10.4712391252
1944, 10.5112976882
1945, 11.6963482741
1946, 12.4095476535
1947, 12.9421191646
1948, 13.2033455756
1949, 14.0670306339
1950, 13.5832779636
1951, 12.9507706796
1952, 11.904379799
1953, 10.4058406451
1954, 9.11983664353
1955, 7.51254485164
1956, 6.69072545521
1957, 6.08807861623
1958, 5.89912610776
1959, 4.60373930968
1960, 4.50366060231
1961, 5.21681282727
1962, 5.93185197236
1963, 6.3736555627
1964, 6.70502729392
1965, 7.44823663144
1966, 7.51849431012
1967, 7.74938374865
1968, 8.22927532225
1969, 9.40439019728
1970, 10.5595386098
1971, 12.1563337733
1972, 13.5706427244
1973, 14.7217763291
1974, 16.1881717313
1975, 16.8934913017
1976, 17.676901944
1977, 18.2091059281
1978, 17.7070049635
1979, 17.3152890942
1980, 17.0842593801
1981, 16.1300534602
1982, 15.125623191
1983, 14.0251215318
1984, 12.4384033723
1985, 10.9701793907
1986, 9.30089234057
1987, 8.00498725251
1988, 6.86990340574
1989, 6.16662385511
1990, 5.95547837124
1991, 5.21232547563
1992, 4.58979245691
1993, 4.0076419636
1994, 4.71256372061
1995, 6.14841433159
1996, 6.85141225661
1997, 7.05246128711
1998, 7.20355179226
1999, 7.72578981923
2000, 7.80577076544
2001, 9.04065443275
2002, 9.28193645923
2003, 10.4673828743
2004, 9.62419836988
2005, 8.5597052178
2006, 9.29240683273
2007, 9.86468765719
2008, 10.5274790545
2009, 10.3166723357
2010, 9.92728533871
2011, 9.10362517299
2012, 9.72607860941
2013, 9.93690278713
2014, 10.9895180576
2015, 11.2810713072
2016, 10.9397034303
2017, 11.5159668054
2018, 12.0199930245
2019, 12.5240562014
2020, 13.0143495459
2021, 12.8137850142
2022, 11.3879314985
2023, 10.002002767
2024, 9.00749726915
2025, 8.21384525025
2026, 7.26942266712
2027, 5.76891868715
2028, 4.68223983515
2029, 4.03926881738
2030, 3.38641863835
2031, 2.99480278021
2032, 3.35655346091
2033, 3.75844574636
2034, 4.36088566918
2035, 5.0638340142
2036, 5.32500917019
2037, 5.72685015663
2038, 6.06841028464
2039, 5.74504564531
2040, 5.76504080538
2041, 6.89965359046
2042, 7.97425162022
2043, 8.91837219866
2044, 9.93272331724
2045, 11.8108655449
2046, 12.795419431
2047, 14.2015466502
2048, 16.3106075731
2049, 18.2310075668
2050, 19.4764328269
2051, 18.7135905163
2052, 18.7138757427
2053, 18.5531071155
2054, 17.9802796018
2055, 16.624134736
2056, 15.5296646434
2057, 14.2743403539
2058, 11.5828032457
2059, 9.34103877235
2060, 7.6735521188
2061, 7.45235437152
2062, 6.90167739778
2063, 6.70067691981
2064, 5.93754202738
2065, 5.62630807427
2066, 5.4458178151
2067, 5.8474140367
2068, 7.0523765151
2069, 7.64500052745
2070, 7.73754594807
2071, 7.15536004074
2072, 7.36616826522
2073, 7.81766164107
2074, 9.3538021428
2075, 10.6894834227
2076, 11.4434631964
2077, 10.8415389739
2078, 10.1086680145
2079, 10.4800482218
2080, 11.0601274612
2081, 11.6725691417
2082, 11.3492704084
2083, 11.2086553439
2084, 10.2243169598
2085, 9.22987258058
2086, 9.54325995597
2087, 10.5878710051
2088, 11.4014376192
2089, 11.5521440368
2090, 11.8033420377
2091, 12.3276506123
2092, 12.3277583785
2093, 11.1427962621
2094, 10.038080221
2095, 9.7766579874
2096, 8.91075587771
2097, 7.84593838789
2098, 7.30348855766
2099, 7.00426426455
2100, 6.86358831327
2101, 6.42976710826
2102, 7.04242804954
2103, 7.75962442738
2104, 8.57321099945
2105, 8.66353490445
2106, 9.4268680567
2107, 10.5836246231
2108, 11.1058396747
2109, 11.3651487075
2110, 11.3251768574
2111, 11.626606764
2112, 11.8493475561
2113, 12.6386376349
2114, 13.3114839513
2115, 14.5366833405
2116, 15.2037289963
2117, 15.1919027356
2118, 16.3567534409
2119, 16.6382341023
2120, 17.2027134761
2121, 17.4899019335
2122, 17.3172992802
2123, 16.8752756587
2124, 16.5637786757
2125, 15.2481042462
2126, 14.199684958
2127, 13.1552267611
2128, 11.590280618
2129, 10.6763137281
2130, 9.76231334581
2131, 8.86448470082
2132, 8.13130830839
2133, 7.98047314052
2134, 7.74128590451
2135, 7.4802018452
2136, 7.5807366651
2137, 7.41025173232
2138, 7.15716670579
2139, 8.57279992171
2140, 8.89226155427
2141, 9.7038059813
2142, 9.93706607657
2143, 10.9936188851
2144, 11.5941163376
2145, 12.3875471101
2146, 12.7694095009
2147, 12.9807949821
2148, 12.770019635
2149, 11.2633832271
2150, 10.9016228094
2151, 10.3991305263
2152, 10.1459548213
2153, 9.11943202595
2154, 8.73770088106
2155, 8.66933087826
2156, 8.97059813294
2157, 9.95494115437
2158, 10.6682587135
2159, 10.9397252514
2160, 10.74915515
2161, 10.1265538115
2162, 9.58408619696
2163, 8.51927554532
2164, 7.32391866133
2165, 6.88965516629
2166, 6.52783483301
2167, 6.16818245289
2168, 5.83695162598
2169, 6.29919183044
2170, 6.6610512147
2171, 7.18335951442
2172, 7.88024544863
2173, 8.53307333835
2174, 9.26612874725
2175, 9.03503315593
2176, 8.83413578293
2177, 8.47053895714
2178, 8.75167018575
2179, 8.23960431941
2180, 8.22967519654
2181, 8.52090459038
2182, 8.79809804513
2183, 9.07927497378
2184, 8.59738785552
2185, 9.11955092957
2186, 9.39064251733
2187, 9.31034557587
2188, 9.47088759724
2189, 10.3949396584
2190, 11.0397888271
2191, 11.9535794666
2192, 11.8032569526
2193, 11.6348052323
2194, 12.1872577616
2195, 11.1629386496
2196, 9.90742677355
2197, 9.15402957625
2198, 8.08926424517
2199, 6.76329845882
2200, 5.80701207875
2201, 4.21010707658
2202, 3.70797001048
2203, 3.133642272
2204, 2.85434523038
2205, 3.17763926131
2206, 3.99108877214
2207, 4.75437398009
2208, 4.91524875044
2209, 5.34718712797
2210, 5.36738732322
2211, 5.70882533591
2212, 5.44774539604
2213, 5.96990978736
2214, 6.1385731276
2215, 6.25705355104
2216, 6.35740367479
2217, 6.88966022187
2218, 7.51244907372
2219, 7.23146132567
2220, 8.05501476019
2221, 8.34636689534
2222, 9.15981246829
2223, 9.71203675648
2224, 10.7865899268
2225, 11.9755959813
2226, 12.8313057822
2227, 12.5203594349
2228, 11.6370725828
2229, 11.1753512348
2230, 9.95996829871
2231, 9.05568408722
2232, 8.0710453637
2233, 7.24720691577
2234, 6.03182907884
2235, 5.11375272113
2236, 4.58133627809
2237, 5.09355338673
2238, 6.13829636977
2239, 6.94211798119
2240, 7.71570676213
2241, 8.57950735345
2242, 9.34272773108
2243, 9.53344897348
2244, 9.82464729015
2245, 9.52336640689
2246, 9.33046446163
2247, 8.67762523087
2248, 8.16549315808
2249, 7.76389948287
2250, 7.18150981111
2251, 6.43831684168
2252, 6.54847642115
2253, 7.37361653437
2254, 8.44793292726
2255, 10.0969115961
2256, 10.4790577617
2257, 10.6102293181
2258, 11.5042527468
2259, 12.4684620687
2260, 13.8140044392
2261, 14.9889547253
2262, 15.4410488151
2263, 15.7222130777
2264, 14.5674058555
2265, 12.6372537274
2266, 12.7876642667
2267, 12.7374520627
2268, 12.1948859406
2269, 11.180596938
2270, 10.0077743427
2271, 8.9131004185
2272, 8.87247761329
2273, 9.23345651501
2274, 9.91635403426
2275, 10.3988119152
2276, 10.0396361005
2277, 9.49778189506
2278, 8.46334902794
2279, 8.21207833662
2280, 9.20395943266
2281, 10.0472822072
2282, 9.59518828118
2283, 8.79982763237
2284, 8.71974061658
2285, 10.7581624233
2286, 10.7463088496
2287, 11.6806853538
2288, 12.5267681539
2289, 13.8626872112
2290, 13.3803796107
2291, 13.1793116133
2292, 13.3801385688
2293, 12.2856512018
2294, 10.990122289
2295, 8.05737232625
2296, 7.53488355671
2297, 7.38374074462
2298, 7.46192495698
2299, 7.39160704801
2300, 7.91405996536
2301, 8.07505419549
2302, 8.30606618255
2303, 9.45304865772
2304, 10.1964281213
2305, 11.556115306
2306, 12.168748765
2307, 11.7992517286
2308, 11.6787281094
2309, 11.7288534826
2310, 11.4094292431
2311, 10.4956650055
2312, 13.9052205788
2313, 12.959828725
2314, 12.739275724
2315, 12.2835712634
2316, 11.71172685
2317, 13.3056102655
2318, 15.6648163611
2319, 16.691410566
2320, 17.334705408
2321, 17.9082279172
2322, 13.8151090188
2323, 14.0760217292
2324, 14.1257553608
2325, 14.2658274848
2326, 14.0448326388
2327, 11.815368911
2328, 9.0835555812
2329, 7.07286229127
2330, 6.12655829756
2331, 6.05611496643
2332, 5.82525039299
2333, 5.98594695768
2334, 5.80527504284
2335, 5.14242436031
2336, 4.92147430953
2337, 4.88141910276
2338, 4.92146143293
2339, 5.32297896236
2340, 4.88107946604
2341, 4.83087001762
2342, 6.84919062851
2343, 7.44580054044
2344, 7.80757127257
2345, 8.43056062943
2346, 10.0075581215
2347, 11.9757795681
2348, 12.7509970077
2349, 14.4702465507
2350, 15.2140105263
2351, 14.8228849225
2352, 12.4728588931
2353, 11.0930171438
2354, 10.2791405793
2355, 9.9068457378
2356, 8.98252295865
2357, 7.88965682087
2358, 7.78727145275
2359, 6.560134192
2360, 6.72102040274
2361, 8.43837667575
2362, 9.58550444715
2363, 11.0117685959
2364, 12.2171200422
2365, 12.8117777343
2366, 12.6109722957
2367, 12.8097729554
2368, 15.4202576474
2369, 14.5770472995
2370, 14.0068878214
2371, 19.1577906559
2372, 19.1669451206
2373, 18.9461970858
2374, 20.725849198
2375, 21.0766657589
2376, 22.5221105615
2377, 24.1081240727
2378, 23.2847307069
2379, 24.4199507809
2380, 23.8964165428
2381, 18.0713878504
2382, 18.1314461042
2383, 18.2111365184
2384, 16.5615404388
2385, 15.7483113069
2386, 14.533294685
2387, 13.1571994065
2388, 11.3593415456
2389, 11.6221232394
2390, 12.3053226303
2391, 12.5866451574
2392, 12.0947045131
2393, 11.4721967067
2394, 11.8634865029
2395, 12.8776517378
2396, 13.6709379505
2397, 14.8558604675
2398, 14.9990139642
2399, 14.314441843
2400, 14.6861844632
2401, 14.2845375851
2402, 14.386777018
2403, 14.6376466589
2404, 14.046971969
2405, 13.0827334277
2406, 12.200867257
2407, 10.4332246571
2408, 9.68813477342
2409, 8.86459391221
2410, 7.73978749857
2411, 6.64507639408
2412, 5.77925806085
2413, 5.5680185699
2414, 5.02348483572
2415, 5.7463550877
2416, 6.25657330518
2417, 6.50794812745
2418, 7.52244583334
2419, 9.05110417828
2420, 10.4372167107
2421, 12.0441618807
2422, 13.7817991776
2423, 14.2540686441
2424, 14.2643010675
2425, 13.2500118629
2426, 13.2297117522
2427, 12.8780490672
2428, 12.2450693053
2429, 11.9516149101
2430, 11.2287586608
2431, 10.7184882976
2432, 10.6781506922
2433, 10.8710540728
2434, 12.8291093502
2435, 14.5785952062
2436, 15.613268704
2437, 17.0999172669
2438, 18.6789380593
2439, 20.0447272737
2440, 21.8765915791
2441, 23.1603331818
2442, 23.3514695421
2443, 23.8719767375
2444, 23.3897682467
2445, 22.9357251533
2446, 22.604089937
2447, 21.8308593857
2448, 20.4932845214
2449, 18.858181373
2450, 17.3878871029
2451, 15.559971163
2452, 14.8165237606
2453, 13.4707527058
2454, 12.7473462657
2455, 11.5923035299
2456, 9.81482141444
2457, 8.5795676083
2458, 7.4548077804
2459, 6.24744998561
2460, 5.19265280213
2461, 5.16231474488
2462, 5.07165794154
2463, 5.15203147359
2464, 4.3085119958
2465, 3.62592658472
2466, 3.64815484057
2467, 3.88907066345
2468, 4.73239563017
2469, 4.862940505
2470, 4.87318083168
2471, 4.41138375693
2472, 4.48144584768
2473, 4.98328716634
2474, 5.10377938436
2475, 6.750838767
2476, 6.49840987115
2477, 6.89020817922
2478, 6.99046555075
2479, 7.79389135517
2480, 8.70764777471
2481, 9.13165643934
2482, 9.22209620885
2483, 9.54331043148
2484, 9.26227517349
2485, 8.27801827955
2486, 9.05148417775
2487, 8.90087745775
2488, 9.42463762681
2489, 10.1374522696
2490, 10.7200722266
2491, 12.4756622444
2492, 13.3697171621
2493, 13.9524422754
2494, 14.8967989708
2495, 17.4916976601
2496, 18.9380103537
2497, 19.9726499131
2498, 20.0210666113
2499, 19.7302161321
2500, 19.8204901796
2501, 19.8601223416
2502, 19.9202050488
2503, 19.7394784703
2504, 20.1916807319
2505, 18.9965994755
2506, 18.3940198068
2507, 18.8276631652
2508, 18.2554077213
2509, 18.0245066614
2510, 17.3315618592
2511, 15.1222138235
2512, 13.0732151598
2513, 11.2753218544
2514, 9.49748144025
2515, 7.4845262202
2516, 5.86743268398
2517, 3.96714748983
2518, 3.72590328457
2519, 3.07503506614
2520, 2.13116191302
2521, 2.12133807606
2522, 2.18172208928
2523, 2.67363997962
2524, 2.81411738441
2525, 2.77398908359
2526, 2.89459355285
2527, 5.06340506839
2528, 5.71607690172
2529, 6.25854646936
2530, 7.18301777762
2531, 8.18992095275
2532, 8.97330594651
2533, 8.46109747244
2534, 9.18602459541
2535, 9.70827897319
2536, 10.4914730658
2537, 9.14535721175
2538, 8.65528742975
2539, 9.92044596886
2540, 11.1376366264
2541, 11.4874959001
2542, 13.0442135528
2543, 15.4649478953
2544, 15.5839666807
2545, 17.2911005005
2546, 18.4080015723
2547, 19.6753060891
2548, 19.7637838476
2549, 17.3519806045
2550, 15.2813568026
2551, 16.3150388706
2552, 15.0590610925
2553, 13.4217481953
2554, 13.5826801753
2555, 12.3780138746
2556, 10.9699713749
2557, 10.1439785788
2558, 9.99339555915
2559, 10.3250500894
2560, 10.2147759491
2561, 8.03541053717
2562, 6.76981050164
2563, 5.92588232196
2564, 4.8209495955
2565, 3.87686223638
2566, 3.3545426354
2567, 1.82791564083
2568, 0.954163022701
2569, 0.682993533035
2570, 1.40593939837
2571, 1.25532032313
2572, 2.09881819069
2573, 2.63122126253
2574, 2.75201603235
2575, 3.37463145408
2576, 4.20816797313
2577, 4.93129091955
2578, 5.03186051236
2579, 5.68476378897
2580, 6.26716104583
2581, 7.69503277314
2582, 8.04648516039
2583, 8.97062425496
2584, 11.9271638845
2585, 14.5583326291
2586, 15.8561361947
2587, 16.9533900379
2588, 18.1795037885
2589, 18.4710913986
2590, 18.6112442346
2591, 18.5505413822
2592, 19.7351685875
2593, 19.9982730649
2594, 19.4920700744
2595, 17.0319855232
2596, 15.9556824668
2597, 15.8230309565
2598, 15.7727733676
2599, 15.6219542088
2600, 15.5515121663
2601, 14.7362893054
2602, 12.8702002652
2603, 11.9641292975
2604, 9.3630468666
2605, 8.66996303993
2606, 7.4546300136
2607, 5.78737780464
2608, 4.5317589575
2609, 3.76833643155
2610, 3.0450042713
2611, 2.6231882464
2612, 2.18945330581
2613, 1.51663976087
2614, 1.52683502593
2615, 1.57694014063
2616, 2.36002651816
2617, 2.3300174233
2618, 2.44255774218
2619, 3.79010505071
2620, 3.56931832603
2621, 3.75208156918
2622, 3.78242292093
2623, 4.16428276111
2624, 5.76071795357
2625, 6.45354921542
2626, 7.4295935631
2627, 10.0006092654
2628, 14.7526822664
2629, 16.7595026589
2630, 17.6443986423
2631, 18.5774860638
2632, 19.4118450203
2633, 19.8835299261
2634, 19.8222378723
2635, 20.3641818591
2636, 19.9403559052
2637, 17.8616897576
2638, 13.7520737781
2639, 11.6628221068
2640, 11.9035403848
2641, 12.4977008244
2642, 13.6044126634
2643, 13.6752392368
2644, 13.3962878672
2645, 12.2617877126
2646, 10.9261756377
2647, 10.4639747169
2648, 10.3410847868
2649, 9.19585817062
2650, 7.6490504356
2651, 5.6987174615
2652, 3.64800746509
2653, 2.70380621338
2654, 1.82779957525
2655, 1.72733712499
2656, 2.279688629
2657, 2.65137815535
2658, 3.13336603376
2659, 3.5552511151
2660, 3.88689031726
2661, 4.08795471469
2662, 6.10633647284
2663, 7.45196604567
2664, 7.612805062
2665, 7.92446325256
2666, 8.51733053663
2667, 8.11579853443
2668, 8.02489493124
2669, 8.70757023999
2670, 9.78218245358
2671, 10.2543298405
2672, 8.697912385
2673, 7.93481829614
2674, 8.62758933707
2675, 8.78809400865
2676, 8.65935813446
2677, 9.72405829607
2678, 8.9510505294
2679, 7.61541001501
2680, 6.32985671092
2681, 5.95812507175
2682, 5.57625844697
2683, 4.88313074467
2684, 3.62773935109
2685, 3.01515053443
2686, 2.05897799509
2687, 1.61684069324
2688, 1.94819343875
2689, 2.48054189433
2690, 3.10327130715
2691, 3.15372577505
2692, 3.80656622296
2693, 4.05773462156
2694, 5.3732077426
2695, 6.81116550954
2696, 7.64491757607
2697, 7.94637509232
2698, 8.22786235651
2699, 8.25821769567
2700, 7.89657901498
2701, 8.48892455823
2702, 9.46475536756
2703, 9.73603008643
2704, 8.98291565647
2705, 8.23790774325
2706, 8.55929182156
2707, 8.56910034343
2708, 9.02086025691
2709, 8.69986428505
2710, 8.33865329912
2711, 7.43480532995
2712, 5.75548661487
2713, 5.28313053973
2714, 4.8610644207
2715, 4.57971719893
2716, 5.01121460581
2717, 5.78439090596
2718, 5.32267120208
2719, 6.43776987483
2720, 7.36420705057
2721, 8.1879135144
2722, 9.70412105038
2723, 11.2245085284
2724, 12.6807613798
2725, 13.7755284289
2726, 12.9222606312
2727, 12.0988937221
2728, 12.1189754391
2729, 11.4359570507
2730, 11.3132129804
2731, 11.674563354
2732, 10.9112918583
2733, 9.58175721507
2734, 7.98506810648
2735, 6.48867206233
2736, 5.74530367767
2737, 4.98171979371
2738, 4.1078131696
2739, 4.13775842411
2740, 5.1135536824
2741, 5.51515947645
2742, 6.1781695999
2743, 7.35364003939
2744, 8.89064455382
2745, 10.077888565
2746, 12.5582292621
2747, 14.3861182351
2748, 16.9270387572
2749, 18.9658221356
2750, 19.4161168237
2751, 18.8140146076
2752, 18.0009298119
2753, 17.026904096
2754, 15.6006023227
2755, 15.8729101506
2756, 14.8881168426
2757, 14.3958617302
2758, 12.1364932891
2759, 9.40533191405
2760, 7.15585307966
2761, 6.12116259134
2762, 6.57237958802
2763, 6.11027405188
2764, 6.5421325379
2765, 5.70459011248
2766, 5.26466275723
2767, 4.97321430611
2768, 6.00761583658
2769, 6.7712527651
2770, 8.35812818878
2771, 10.0654544221
2772, 10.2362831985
2773, 12.8070715733
2774, 13.2494350592
2775, 13.320119425
2776, 12.3141147653
2777, 11.1693889056
2778, 9.87350853057
2779, 9.25039319481
2780, 8.55691926599
2781, 7.02025968508
2782, 5.83527834681
2783, 3.25428257969
2784, 2.28020419671
2785, 1.48662832818
2786, 1.38604497807
2787, 1.42617393716
2788, 1.97840499015
2789, 2.4322646916
2790, 2.171091893
2791, 2.54281608127
2792, 3.30622270498
2793, 3.8989019227
2794, 5.80682077925
2795, 7.71490795901
2796, 9.6151311522
2797, 11.3628757177
2798, 13.3817703173
2799, 15.8443495232
2800, 17.4052174035
2801, 16.9239532621
2802, 16.4022477809
2803, 16.3721734168
2804, 15.1261977092
2805, 13.7394735307
2806, 13.0541971936
2807, 12.0901813031
2808, 10.3627836108
2809, 8.28986923354
2810, 7.36191529758
2811, 9.46071053129
2812, 9.99322663998
2813, 10.7365901943
2814, 11.4196869604
2815, 14.0205644088
2816, 15.4263222601
2817, 14.6738154131
2818, 13.82086836
2819, 12.9174436149
2820, 11.9529337867
2821, 10.6763332141
2822, 10.6156465819
2823, 9.94286013098
2824, 9.06934151494
2825, 7.08071011232
2826, 5.28291182744
2827, 6.09636813146
2828, 7.59267280175
2829, 8.48674655545
2830, 10.6256899482
2831, 12.3429305606
2832, 13.4279032406
2833, 14.9446206673
2834, 16.3852230376
2835, 16.214958875
2836, 15.4217704885
2837, 14.5480836046
2838, 13.0514705932
2839, 12.2977123045
2840, 10.6820613569
2841, 8.77360699839
2842, 7.82952386034
2843, 6.38344822445
2844, 4.99373811801
2845, 4.43142791652
2846, 5.23482259161
2847, 5.65663843627
2848, 7.02224317933
2849, 8.4281344813
2850, 9.72163977484
2851, 11.5513929969
2852, 14.4738695661
2853, 17.1858181292
2854, 18.9841859417
2855, 18.8447131684
2856, 18.0821777541
2857, 17.6804017002
2858, 16.4362700245
2859, 15.1799535183
2860, 13.3717668146
2861, 10.8590560362
2862, 7.01248978899
2863, 3.62787207721
2864, 1.29774497609
2865, 1.14695469356
2866, 1.25735719168
2867, 1.40800113146
2868, 1.29559812667
2869, 1.02446529898
2870, 0.9340647022
2871, 1.3156443903
2872, 2.1289638956
2873, 2.74161895177
2874, 3.96685777299
2875, 5.08168610316
2876, 6.05604971728
2877, 7.41190881175
2878, 9.39239862342
2879, 11.8027041633
2880, 12.5362803663
2881, 12.1653515449
2882, 11.5631308099
2883, 11.2015237507
2884, 10.0861920335
2885, 8.91069791867
2886, 7.84604059543
2887, 6.62069931997
2888, 5.07190652931
2889, 3.25388017847
2890, 2.83208972282
2891, 4.05732086887
2892, 4.91107298527
2893, 6.16644271479
2894, 7.47412853637
2895, 9.37435766367
2896, 11.0215965922
2897, 12.9318056864
2898, 13.0126724644
2899, 12.8423037606
2900, 12.8122865091
2901, 11.7074847405
2902, 10.6425298368
2903, 9.11570592155
2904, 7.69755085045
2905, 5.76707632054
2906, 4.18006556126
2907, 2.0990183291
2908, 2.62299960147
2909, 2.89413642851
2910, 3.21559090161
2911, 3.58743990496
2912, 4.89511397634
2913, 6.08021699759
2914, 6.55239809116
2915, 6.52253804024
2916, 6.96452677749
2917, 7.35613661987
2918, 6.74121504364
2919, 5.96783892574
2920, 5.16453712692
2921, 4.65240349418
2922, 3.47521112009
2923, 2.48070926519
2924, 2.03876559448
2925, 2.05890255231
2926, 1.86803611033
2927, 1.94829125531
2928, 2.18922637684
2929, 2.76174915606
2930, 3.05325508169
2931, 3.07360849845
2932, 3.02345526032
2933, 3.13379768179
2934, 3.26423117898
2935, 3.32442162716
2936, 2.92273292415
2937, 2.31014406332
2938, 1.62715389789
2939, 1.10480917554
2940, 0.853679895176
2941, 0.954099308557
2942, 1.24529316155
2943, 1.23722689517
2944, 1.7393208327
2945, 2.60297876224
2946, 3.18563570698
2947, 3.52729566066
2948, 4.05972024867
2949, 4.29084844301
2950, 4.28080989276
2951, 4.18033497128
2952, 3.89909751357
2953, 3.62587713781
2954, 2.96290733426
2955, 2.15935060869
2956, 1.80779002435
2957, 1.64707487256
2958, 1.32567339112
2959, 1.52650742585
2960, 2.15917768964
2961, 2.96257918121
2962, 3.49694166435
2963, 4.78444030712
2964, 5.07600943317
2965, 4.95575122437
2966, 4.80518811588
2967, 4.7549775009
2968, 4.78481938787
2969, 4.70418234708
2970, 4.50328630187
2971, 3.97109772592
2972, 3.43696528847
2973, 2.27199441226
2974, 2.11130816379
2975, 2.19158792641
2976, 2.34212991818
2977, 2.76382987104
2978, 2.64337903487
2979, 8.7643032997
2980, 8.7643032997
2981, 8.7643032997
2982, 8.7643032997
2983, 8.7643032997
2984, 8.7643032997
